0 0 0
0.1 0.0841470984807897 0.00420735492403948
0.2 0.168294196961579 0.0168294196961579
0.3 0.252441295442369 0.0378661943163554
0.4 0.336588393923159 0.0673176787846317
0.5 0.420735492403948 0.105183873100987
0.6 0.504882590884738 0.151464777265421
0.7 0.589029689365528 0.206160391277935
0.8 0.673176787846317 0.269270715138527
0.9 0.757323886327107 0.340795748847198
1 0.841470984807897 0.420735492403948
1.1 0.917881637860785 0.508832064294514
1.2 0.978819400057871 0.603796056947579
1.3 1.02428427139916 0.704080181277562
1.4 1.05427625188464 0.808137148198883
1.5 1.06879534151432 0.914419668625962
1.6 1.06784154028819 1.02138045347322
1.7 1.05141484820627 1.12747221365507
1.8 1.01951526526854 1.23114766008595
1.9 0.972142791475013 1.33085950368026
2 0.909297426825682 1.42506045535242
2.1 0.838092023568514 1.5124403210918
2.2 0.765639433951477 1.59263728718746
2.3 0.69193965797457 1.66552663500343
2.4 0.616992695637793 1.73098364590372
2.5 0.540798546941147 1.78888360125233
2.6 0.46335721188463 1.83910178241328
2.7 0.384668690468244 1.88151347075059
2.8 0.304732982691988 1.91599394762827
2.9 0.223550088555862 1.94241849441033
3 0.141120008059867 1.96066239246078
3.1 0.0573924767178519 1.97059924766077
3.2 -0.0276827699563332 1.97209596395994
3.3 -0.114105731962688 1.96501776982509
3.4 -0.201876409301213 1.949229893723
3.5 -0.290994801971907 1.92459756412045
3.6 -0.381460909974772 1.89098600948421
3.7 -0.473274733309806 1.84826045828109
3.8 -0.566436271977011 1.79628613897785
3.9 -0.660945525976385 1.73492828004128
4 -0.756802495307928 1.66405210993816
4.1 -0.845701457399347 1.58379971455436
4.2 -0.919336689678343 1.49542060945204
4.3 -0.977708192144918 1.40044116761244
4.4 -1.02081596479907 1.30038776201681
4.5 -1.0486600076408 1.19678676564638
4.6 -1.06124032067011 1.09116455148239
4.7 -1.058556903887 0.9850474925061
4.8 -1.04060975729147 0.879961961698739
4.9 -1.00739888088351 0.777434332041553
5 -0.958924274663138 0.678990976515784
5.1 -0.901633362884568 0.585943353960865
5.2 -0.841973569802031 0.498743266649002
5.3 -0.779944895415527 0.417627602710591
5.4 -0.715547339725056 0.342833250276029
5.5 -0.648780902730618 0.274597097475712
5.6 -0.579645584432213 0.213156032440037
5.7 -0.508141384829842 0.158746943299402
5.8 -0.434268303923503 0.111606718184201
5.9 -0.358026341713198 0.0719722452248333
6 -0.279415498198926 0.0400804125516941
6.1 -0.198235721480118 0.016174776691866
6.2 -0.114286959656208 0.00052556775917386
6.3 -0.0275692127271938 -0.00659031573587213
6.4 0.0619175193069227 -0.00489597528276154
6.5 0.154173236446142 0.00588548762901581
6.6 0.249197938690466 0.0260309715099705
6.7 0.346991626039892 0.0558173748706124
6.8 0.447554298494422 0.0955215962214524
6.9 0.550885956054054 0.145420534073
7 0.656986598718789 0.205791086935766
7.1 0.757046936893394 0.276616510333754
7.2 0.842257680982632 0.356705487844933
7.3 0.912618830986506 0.444573060060768
7.4 0.968130386905013 0.538734267572722
7.5 1.00879234873816 0.637704150972258
7.6 1.03460471648593 0.739997750850841
7.7 1.04556749014834 0.844130107799932
7.8 1.04168066972539 0.948616262410998
7.9 1.02294425521707 1.0519712552755
8 0.989358246623382 1.1527101269849
8.1 0.946676123936834 1.24953970079708
8.2 0.900651367149926 1.34193393063559
8.3 0.851283976262661 1.42955855309039
8.4 0.798573951275037 1.51207930475144
8.5 0.742521292187054 1.58916192220871
8.6 0.683125998998712 1.66047214205217
8.7 0.620388071710011 1.72567570087178
8.8 0.554307510320951 1.7844383352575
8.9 0.484884314831533 1.83642578179929
9 0.412118485241757 1.88130377708712
