10 1.00968194836519 0.100421021830912
110 1.6921120667523 0.270790400179512
210 1.40522005229763 0.121140671572614
310 1.39597607366426 0.0859625324042357
410 1.27620994789611 0.050948917733403
510 1.28488840266046 0.0530500597101781
610 1.47262343349253 0.147853924890774
710 1.26359319830422 0.0512524489878306
810 1.25086321667408 0.0546042680916414
910 1.29505737384201 0.0499549149796967
1010 1.42704552598194 0.105498456036023
1110 1.48198925742496 0.103989890993916
1210 1.40576901321657 0.0891372661749143
1310 1.27913733409382 0.0451625596619502
1410 1.32962363166317 0.0397249929677612
1510 1.24155696915661 0.032150829466043
1610 1.43027645601297 0.0780321038680205
1710 1.29493909797306 0.0377578975357936
1810 1.37563209509766 0.110206024779717
1910 1.34154630131027 0.0429695093223248
2010 1.35443765098871 0.101888494127438
2110 1.42490118473949 0.094259882686933
2210 1.34117976914174 0.0409365504080916
2310 1.35988326857184 0.0403933181274714
2410 1.31831333933001 0.0450984624918014
2510 1.36798126346965 0.0598572427896365
2610 1.38454898017057 0.0746690650730641
2710 1.36200810753135 0.046383430742058
2810 1.34320148442006 0.0349358584412762
2910 1.34478798671335 0.0446823787029199
3010 1.38935720322868 0.0450701605762797
3110 1.44703312323438 0.133132435568865
3210 1.31983235135271 0.0305487544271986
3310 1.5516421578696 0.124897182701457
3410 1.34296513999444 0.0376325207268419
3510 1.32441616783872 0.0283479640631363
3610 1.38109815703662 0.0605432153583006
3710 1.47657143431133 0.0709766990868703
3810 1.67709297577253 0.313486609123257
3910 1.28220288039128 0.0243395792066212
4010 1.29323943851759 0.0296865415348942
4110 1.61291095486522 0.189717241185813
4210 1.45115923605482 0.0629394200660476
4310 1.39945341715653 0.0610255866126338
4410 1.31445893031138 0.032398454959951
4510 1.36590321479841 0.0508419882632585
4610 1.39163067577298 0.0448404026969985
4710 1.36094099983305 0.040950195167009
4810 1.43660337572725 0.115613379850715
4910 1.34963880737056 0.0430332577330953
5010 1.35089602424184 0.0349660210637695
5110 1.45278537247893 0.0374867236825257
5210 1.34964683615301 0.0368565808608964
5310 1.38091232679435 0.0379176110968285
5410 1.58459997791676 0.218176395280744
5510 1.36877156816156 0.039007590934748
5610 1.31850455231238 0.0230510676210567
5710 1.53737311502285 0.16228933137154
5810 1.43054039952261 0.0589133319131387
5910 1.43529482464822 0.0376073765518754
6010 1.27957978416914 0.0185804327237355
6110 1.3598192304409 0.0310594575651891
6210 1.34827535527771 0.0416514827430045
6310 1.32398614733708 0.0346726185152404
6410 1.30341862487742 0.0198474459996186
6510 1.4089265735247 0.0524819110617679
6610 1.42343831434595 0.0610360689099684
6710 1.34200329100991 0.028520465073423
6810 1.32792835269902 0.0578226042530204
6910 1.35548471095793 0.0289449254738166
7010 1.33406675908519 0.0293460136750797
7110 1.31489002785639 0.0256702218265485
7210 1.45948600629084 0.072307483148863
7310 1.35825581299146 0.028019096180677
7410 1.3708366069226 0.0332131350419507
7510 1.40748930319859 0.0480001419655692
7610 1.3433182441629 0.0293863118366651
7710 1.49883563532781 0.109062317527155
7810 1.47703732685179 0.0818116170145399
7910 1.39770405008732 0.0352388976428016
8010 1.32209292615539 0.0220859664888467
8110 1.45133178890012 0.147639596637059
8210 1.36724434520923 0.030364155005561
8310 1.48152679736617 0.0852092286197531
8410 1.38433591656762 0.0329252982645651
8510 1.41911986879935 0.0508389034487376
8610 1.54219040126396 0.148952286181182
8710 1.31982856144345 0.0225932126331412
8810 1.35334176976053 0.0352724551220668
8910 1.50378305909197 0.144555196682819
9010 1.38479220467903 0.0417116475853964
9110 1.46375088125632 0.10492694814869
9210 1.50116545449086 0.100540449959907
9310 1.3586646737951 0.036353590616701
9410 1.41885193188467 0.0453538902497914
9510 1.38334023937382 0.0349890448739143
9610 1.48284195206646 0.116196779188661
9710 1.38684809111149 0.0270033248371703
9810 1.40086475895897 0.0408428287385331
9910 1.34892602416764 0.0225740539268573
