10 1.06082932474531 0.307221254788264
110 1.18872093217463 0.0207411859999114
210 1.16705315827857 1.43788470076996
310 1.29208240206817 0.266472515711726
410 1.27857327196219 0.233231700823954
510 1.2675531000025 0.0628174044619796
610 1.2915223132673 0.391103127617137
710 1.2864290295769 0.252619925607352
810 1.27122235429127 0.237376260982373
910 1.27816984554818 0.422250668930687
1010 1.31776972208487 0.00399204636430723
1110 1.30780925575589 0.256689192316447
1210 1.31888727619615 0.284877153819925
1310 1.30924787468119 1.61202160296587
1410 1.30244208595447 0.16271898173821
1510 1.30077556269405 0.234414493381907
1610 1.29626222748026 0.234076554280341
1710 1.30125318693026 4.98870634901285
1810 1.31171797253491 0.25149163337913
1910 1.31080578168319 0.243585237304511
2010 1.30087361079398 0.156710321616593
2110 1.31240852399358 1.63309468839111
2210 1.31272682517173 0.27898062664612
2310 1.30958203986429 0.256210985430312
2410 1.31269939076946 0.0158505877715594
2510 1.30756163690257 0.39972884351606
2610 1.3053407266202 0.268094448139181
2710 1.30633035521287 0.269518586070521
2810 1.31213855642432 0.421439406337729
2910 1.31085937003017 0.00926503643072988
3010 1.31333462026152 0.259623953679673
3110 1.31145116659211 0.276813523521019
3210 1.30661272602737 1.68385527335223
3310 1.3060988237172 0.162528989712513
3410 1.30421664996769 0.238300566064635
3510 1.31157388508361 0.24834560220576
3610 1.3240512032286 130.208403870745
3710 1.32093817919932 0.258695872707649
3810 1.31709701537197 0.250136292047309
3910 1.32106582322739 0.175938859040725
4010 1.32044631686465 1.66153721267411
4110 1.31875324002707 0.284070137044367
4210 1.32382535391782 0.269672867228343
4310 1.3239317726108 7.9029555919657E-05
4410 1.3201031239773 0.399174754465169
4510 1.32009696682015 0.282021619666807
4610 1.32565614343343 0.288007381479962
4710 1.32437693045722 0.395715480549363
4810 1.32609424446836 0.00866944674546975
4910 1.32326988574365 0.268122812022561
5010 1.32109938464235 0.286578281675867
5110 1.32023375460911 1.69447275240852
5210 1.31811533581758 0.176758179996422
5310 1.31869554875093 0.249863232199767
5410 1.32148834728738 0.259495844439651
5510 1.32155993654872 4.85281310090332
5610 1.31784869688626 0.255950975601064
5710 1.31895081375673 0.250902206338658
5810 1.3195421218231 0.175976224992572
5910 1.31763019096781 1.56766030888798
6010 1.31995340621086 0.284772258585583
6110 1.3176341272027 0.263937196691308
6210 1.31580087232056 0.00772362895143672
6310 1.31566564273775 0.385400914143937
6410 1.33779794480297 0.299541092293866
6510 1.33851657196283 0.301222565574651
6610 1.33865172396993 0.392478267461545
6710 1.33731806838166 0.0175553356311414
6810 1.33412318151578 0.279776322400965
6910 1.33381280427985 0.298922199085664
7010 1.33250119987767 1.62892568100699
7110 1.3317313395339 0.187773330240813
7210 1.33414051706584 0.266310165107351
7310 1.33235056135111 0.268959875828009
7410 1.33006292649513 5.33778187810787
7510 1.35537059011781 0.292504064100521
7610 1.35469161642647 0.28674458747592
7710 1.35335207025353 0.208352775874363
7810 1.39360079125135 1.58371574115221
7910 1.39259260211994 0.358120100536523
8010 1.38958203498056 0.335138487143298
8110 1.38891464662811 0.0696609984539529
8210 1.38915689454193 0.336348859212682
8310 1.38696520964059 0.349830043182775
8410 1.38814000338247 0.349757546748475
8510 1.38572493722558 0.324869117222164
8610 1.38374170175947 0.0626229891576462
8710 1.38276467670341 0.328582410531272
8810 1.38137891338577 0.346029698728912
8910 1.38113528948432 1.55968426352683
9010 1.38309643322876 0.240901068529162
9110 1.38185506470824 0.313255350778855
9210 1.37885632808552 0.316839561653923
9310 1.38170888455474 5.41316978674963
9410 1.3807175126772 0.318348963135579
9510 1.37934047630681 0.310354400844602
9610 1.37983579287123 0.23593196685238
9710 1.3778389506953 1.59813603977098
9810 1.3761101870765 0.341187379304594
9910 1.37567853515206 0.320542155464561
