10 3.2 0.505964425626941
1010 3.14455445544554 0.051607765730391
2010 3.14427860696517 0.0365871580496514
3010 3.14019933554817 0.0299498222403918
4010 3.13915211970075 0.0259595525024989
5010 3.14011976047904 0.023215242651549
6010 3.13810316139767 0.021214070904211
7010 3.14122681883024 0.0196168773153067
8010 3.14157303370787 0.0183488562431583
9010 3.14228634850166 0.0172954411949939
10010 3.14045954045954 0.0164214962204837
11010 3.14078110808356 0.0156558655931105
12010 3.14304746044963 0.014975535150786
13010 3.14096848578017 0.0144011670956514
14010 3.14061384725196 0.0138797734911927
15010 3.14137241838774 0.0134051532906721
16010 3.14253591505309 0.012973358765267
17010 3.14168136390359 0.0125907958490556
18010 3.14158800666296 0.0122367375953032
19010 3.14129405576013 0.0119120216051273
20010 3.14262868565717 0.0116039931922879
21010 3.1417420276059 0.0113287282133459
22010 3.1418446160836 0.0110679017643287
23010 3.14124293785311 0.010827485581411
24010 3.14185755935027 0.0105968516973511
25010 3.14194322271092 0.0103824615983228
26010 3.14171472510573 0.0101819047157206
27010 3.1415031469826 0.00999253806275142
28010 3.1415922884684 0.00981217221413186
29010 3.14153740089624 0.00964179608400018
30010 3.14161946017994 0.00947946272388038
31010 3.14092228313447 0.00932811602588111
32010 3.14089347079038 0.00918136549210017
33010 3.14135110572554 0.00903947660741103
34010 3.14166421640694 0.00890441055898688
35010 3.14127392173665 0.00877776955590507
36010 3.14134962510414 0.00865475461090751
37010 3.14077276411781 0.00853911245503764
38010 3.14106813996317 0.00842498429852776
39010 3.14124583440144 0.0083156732481743
40010 3.14131467133217 0.00821085659255798
41010 3.14108753962448 0.00811091008440554
42010 3.14172815996191 0.00801162094657633
43010 3.14205998604976 0.00791682375128177
44010 3.14192229038855 0.00782681999108027
45010 3.14205732059542 0.00773894360289211
46010 3.14192566833297 0.00765480782023078
47010 3.14222505849819 0.00757199285859704
48010 3.1420120808165 0.00749339556084065
49010 3.14237910630484 0.00741540054352682
50010 3.14233153369326 0.00734103502127345
51010 3.1430699862772 0.00726644584228304
52010 3.14239569313594 0.00719830899450679
53010 3.14235049990568 0.0071302265624076
54010 3.14215885947047 0.00706448350771348
55010 3.14226504271951 0.00699966313389584
56010 3.14222460274951 0.0069370147644143
57010 3.14183476583056 0.00687704091636194
58010 3.1418031373901 0.0068175999401608
59010 3.14177258091849 0.00675967409895825
60010 3.14194300949842 0.00670263245578348
61010 3.14184559908212 0.00664774915952751
62010 3.14194484760522 0.00659365188668892
63010 3.14153308998572 0.00654226089832579
64010 3.1418840806124 0.00648999174994037
65010 3.14173204122443 0.00644029761819149
66010 3.14158460839267 0.00639172765573609
67010 3.14114311296821 0.0063450413124899
68010 3.14142037935598 0.00629748191367266
69010 3.1411679466744 0.00625235584347492
70010 3.14143693758035 0.00620683548248005
71010 3.14141670187298 0.00616302934860783
72010 3.14134148034995 0.00612028168237226
73010 3.14110395836187 0.00607883396576878
74010 3.14103499527091 0.00603780274709245
75010 3.14096787095054 0.0059975913014525
76010 3.14095513748191 0.00595804011381354
77010 3.14146214777302 0.00591796071252201
78010 3.1413921292142 0.00588008182149769
79010 3.14132388305278 0.00584292106232889
80010 3.14145731783527 0.00580596471236467
81010 3.1413899518578 0.00577018307225157
82010 3.14151932691135 0.00573458141884463
83010 3.14145283700759 0.00570009565548833
84010 3.14134031662897 0.00566633879410428
85010 3.14123044347724 0.00563317458122977
86010 3.14126264387862 0.00560025533999313
87010 3.14138604758074 0.00556768993830871
88010 3.14123395068742 0.00553632484028625
89010 3.1412200876306 0.00550516983036139
90010 3.14116209310077 0.00547463784766145
91010 3.14114932425008 0.00544450705464267
92010 3.14131072709488 0.00541447000433729
93010 3.14116761638534 0.00538561048077698
94010 3.14102755026061 0.00535720744659484
95010 3.14114303757499 0.005328679721458
96010 3.14138110613478 0.00530032254950825
97010 3.14116070508195 0.00527342506420754
98010 3.14118967452301 0.00524638931304366
99010 3.14113725886274 0.00521994357174337
100010 3.14112588741126 0.00519380588093604
101010 3.14115434115434 0.00516797036829714
102010 3.14122144887756 0.00514243129213907
103010 3.14120959130182 0.00511743525272911
104010 3.14131333525623 0.0050925516216051
105010 3.14137701171317 0.00506810912408523
106010 3.14136402226205 0.00504417629038705
107010 3.14112699747687 0.00502105572696637
108010 3.14130173132117 0.00499738878031713
109010 3.14128978992753 0.00497443940406449
110010 3.14131442596128 0.00495172714136268
111010 3.14133861814251 0.00492932315993084
112010 3.14136237835908 0.00490722054834526
113010 3.14142111317582 0.00488533943439207
114010 3.14119814051399 0.00486432609007292
115010 3.1412225023911 0.00484308260219647
116010 3.14128092405827 0.00482204468295443
117010 3.14140671737458 0.00480113964045264
118010 3.14142869248369 0.00478070981549065
119010 3.14131585581044 0.0047608094292825
120010 3.14113823848013 0.00474128913768151
121010 3.14122799768614 0.0047214787339769
122010 3.1409884435702 0.00470256664336816
123010 3.14104544345988 0.00468330017314968
124010 3.14097250221756 0.00466452308130524
125010 3.1411567074634 0.00464546709416055
126010 3.14105229743671 0.00462720178783267
127010 3.14107550586568 0.00460890465567849
128010 3.14094211389735 0.00459112621356435
129010 3.14102782730021 0.0045731321530798
130010 3.14117375586493 0.00455522941900888
131010 3.14089000839631 0.00453835564096005
132010 3.14100446935838 0.00452091470883847
133010 3.14105706337869 0.00450378782692609
134010 3.14119841802851 0.0044866841688381
135010 3.14098214947041 0.00447044606748502
136010 3.14100433791633 0.00445393970107258
137010 3.14102620246697 0.00443761483332837
138010 3.14101876675603 0.00442152235842146
139010 3.14101143802604 0.00440560369527456
140010 3.14108992214842 0.00438969661757374
141010 3.14113892631728 0.00437401306472196
142010 3.14118724033519 0.00435849641148399
143010 3.14126284875184 0.00434309232550929
144010 3.14122630372891 0.00432805383770382
145010 3.1411902627405 0.00431317048747185
146010 3.14109992466269 0.00429853924498473
147010 3.14111965172437 0.00428385866653118
148010 3.14119316262415 0.00426922986784285
149010 3.14129253070264 0.00425470157196655
150010 3.14123058462769 0.00424060760204792
151010 3.14132838884842 0.00422636857171077
152010 3.14131965002302 0.00421245959555266
153010 3.14125874125874 0.00419877992547375
154010 3.14125056814493 0.00418514067994537
155010 3.14119089091026 0.00417172457387654
156010 3.14123453624768 0.00415825624690283
157010 3.14125214954462 0.00414496219742861
158010 3.14119359534207 0.0041319275926587
159010 3.14121124457581 0.00411888368221099
160010 3.14125367164552 0.00410591910480974
161010 3.14122104217129 0.0040932052389342
162010 3.14111474600333 0.0040807365986174
163010 3.14113244586222 0.00406817005704445
164010 3.14114992988232 0.0040557188988406
165010 3.14119144294285 0.00404333990699556
166010 3.14116017107403 0.00403119683749375
167010 3.14115322435782 0.0040191217984484
168010 3.14117016844235 0.00400711426641492
169010 3.14118691201704 0.00399521371521782
170010 3.14127404270337 0.00398329961707267
171010 3.14126659259692 0.00397164866608913
172010 3.14135224696239 0.00395994350208443
173010 3.14148315126293 0.00394826392484678
174010 3.1414516407103 0.00393695514804386
175010 3.14135192274727 0.00392585689639301
176010 3.14141241974888 0.00391458842607423
177010 3.14126885486696 0.00390375236555236
178010 3.14139655075558 0.00389256161401452
179010 3.14141109435227 0.00388165002755602
180010 3.14144769735015 0.00387079328921316
181010 3.14130711010441 0.00386031592045502
182010 3.14134388220427 0.00384963673576996
183010 3.14133653898694 0.00383911669927049
184010 3.14126406173578 0.00382878808247222
185010 3.14130047024485 0.00381836772633313
186010 3.14127197462502 0.00380813592882156
187010 3.14135072990749 0.00379781408942916
188010 3.14123716823573 0.00378788258744061
189010 3.14127294852124 0.00377779178792853
190010 3.14122414609757 0.00376791543408336
191010 3.14128056122716 0.00375794966007911
192010 3.14123222748815 0.00374822771372275
193010 3.14118439459095 0.003738580822755
194010 3.14124014226071 0.00372884541347392
195010 3.14133634172607 0.00371912109581332
196010 3.14134993112596 0.00370960056389493
197010 3.14128216841785 0.00370027992584685
198010 3.14113428614716 0.00369115534094945
199010 3.14118888498065 0.0036817848341299
200010 3.14118294085296 0.00367257853365679
201010 3.14119695537535 0.00366341011194301
202010 3.14129003514677 0.00365418756448966
203010 3.14130338406975 0.00364515584745205
204010 3.14147345718347 0.00363594941701046
205010 3.14140773620799 0.00362717172354509
206010 3.14143973593515 0.00361830862679155
207010 3.14141345828704 0.00360959873397904
208010 3.14146435267535 0.00360083421925011
209010 3.14145734653844 0.00359222051887467
210010 3.14145040712347 0.00358366833957155
211010 3.1414056205867 0.0035752343152516
212010 3.1414367246828 0.00356674564078254
213010 3.14144875827426 0.00355834542048909
214010 3.14144198869212 0.00355003235417232
215010 3.14137947072229 0.0035418609325089
216010 3.14139160224064 0.00353363490889225
217010 3.14147735127413 0.00352535593207993
218010 3.14143387917985 0.00351732604313857
219010 3.14133601205424 0.00350943213507913
220010 3.14136630153175 0.00350140255503498
221010 3.14137821818017 0.00349345459124046
222010 3.14149813071483 0.00348540104415608
223010 3.14145554011031 0.00347764050089126
224010 3.14143118610776 0.00346990533845128
225010 3.141442602551 0.0034621694668757
226010 3.14145391796823 0.00345448510467394
227010 3.1414827540637 0.00344682597790298
228010 3.14147625104162 0.00343926864077548
229010 3.14136500589494 0.00343191299795707
230010 3.14148080518238 0.00342427670223048
231010 3.14154365611878 0.00341676623543645
232010 3.14160596526012 0.00340930495651976
233010 3.14156473971074 0.00340204066899339
234010 3.14148967992821 0.00339487173522316
235010 3.14155142334369 0.00338755268011508
236010 3.14159569509767 0.0033803049984718
237010 3.14153833171596 0.00337324822434828
238010 3.14153186840889 0.00336616361617952
239010 3.14155893058868 0.00335907586793657
240010 3.14156910128745 0.00335205634907396
241010 3.14157918758558 0.00334508065314429
242010 3.14168835998512 0.00333800818131811
243010 3.14161557137566 0.00333123570782175
244010 3.14162534322364 0.00332438892455286
245010 3.14161870944043 0.00331760711472855
246010 3.14161212958823 0.00331086664114375
247010 3.14155702198292 0.00330423503606535
248010 3.14167977097698 0.00329739546067613
249010 3.14165696156781 0.00329079956866832
250010 3.14166633334667 0.00328419860769584
251010 3.14161188797259 0.00327772566080633
252010 3.14158961945955 0.00327124686811448
253010 3.14153590767163 0.00326485003743681
254010 3.14152986102909 0.00325842542224749
255010 3.14147680483118 0.00325210335693623
256010 3.14150228506699 0.00324571062303554
257010 3.14157425781098 0.00323929141733768
258010 3.14155265299795 0.00323303743658607
259010 3.14154665843018 0.00322679844460477
260010 3.14141763778316 0.00322076319371787
261010 3.14150415692885 0.00321446975871852
262010 3.1414220831266 0.00320844108968629
263010 3.14144709326642 0.00320230192033245
264010 3.1414264611189 0.0031962593389489
265010 3.14143617221992 0.00319021007786678
266010 3.14144581030788 0.00318419503357502
267010 3.1414853376278 0.00317817358340372
268010 3.14146487071378 0.00317226631414762
269010 3.14150403330731 0.00316631215517388
270010 3.14158734861672 0.00316033193785123
271010 3.14150769344305 0.00315460225541607
272010 3.14150215065623 0.00314880561522889
273010 3.14152595143035 0.00314300183010625
274010 3.1416225685194 0.00313713308553792
275010 3.14155848878223 0.00313150916459998
276010 3.14156733451687 0.00312581949445525
277010 3.14156167647377 0.00312017979648723
278010 3.1416423869645 0.00311445669585611
279010 3.14166517329128 0.00310884043152645
280010 3.141630656048 0.00310332951304537
281010 3.14155368136365 0.00309790379276098
282010 3.14160490762739 0.00309233931582102
283010 3.14159923677609 0.00308687858764065
284010 3.14159360585895 0.00308144668667738
285010 3.14158801445563 0.00307604336018974
286010 3.14154050557673 0.00307072289428482
287010 3.14157694853838 0.0030653214350841
288010 3.14157147321274 0.00306000234624735
289010 3.14151067437113 0.00305478243429841
290010 3.1415468432123 0.00304946451625678
291010 3.14147280162194 0.00304431596126777
292010 3.14154994691963 0.0030389995669899
293010 3.14154465717894 0.00303381609863855
294010 3.14155300840107 0.00302864162222659
295010 3.14152062641944 0.00302354559023046
296010 3.14158305462653 0.00301835433994878
297010 3.14163159489579 0.00301320690457108
298010 3.14163954229724 0.00300813698871783
299010 3.14162068158256 0.00300312659352791
300010 3.14169527682411 0.00299802268919426
301010 3.14157004750673 0.00299319728958903
302010 3.14155160425151 0.00298826104927962
303010 3.14159928715224 0.00298326579684163
304010 3.14162034143614 0.00297832868379062
305010 3.14164125766368 0.00297341600028167
306010 3.14157053691056 0.00296864253482701
307010 3.14151330575551 0.00296387562500653
308010 3.14148241940197 0.00295909906629819
309010 3.14147762208343 0.00295431315353136
310010 3.14149866133351 0.00294951817256995
311010 3.14148098131893 0.00294479455232898
312010 3.14150187493991 0.00294004569497336
313010 3.14150985591515 0.00293533561382764
314010 3.14154326295341 0.0029306164943886
315010 3.14152566585188 0.00292598296626135
316010 3.14148286446631 0.00292140264787282
317010 3.14137724362008 0.00291692164310444
318010 3.14141064746392 0.00291229065406154
319010 3.14140622551017 0.00290772793673555
320010 3.14145182963032 0.00290312516914752
321010 3.14142238559546 0.00289863590044813
322010 3.14139312443713 0.00289416739088392
323010 3.14143834556206 0.00288962862180686
324010 3.14142156106293 0.00288518650408621
325010 3.14146641641796 0.00288068978729505
326010 3.14146191834606 0.00287627376928601
327010 3.14148191186814 0.00287184826300574
328010 3.14142861498125 0.00286753191739579
329010 3.14144858818881 0.00286314658055747
330010 3.14140783612618 0.00285885462397207
331010 3.14151234101689 0.0028544067266445
332010 3.14145959459052 0.00285016843685103
333010 3.14146722320651 0.00284587662740336
334010 3.14143887907548 0.00284164735458826
335010 3.14147040386854 0.00283736519079061
336010 3.1414779322044 0.00283313087371094
337010 3.14144980861102 0.00282895808922175
338010 3.14144551936333 0.00282477539179637
339010 3.14146485354414 0.00282058302266064
340010 3.1414958383577 0.00281639523995113
341010 3.14149145186358 0.00281226793858538
342010 3.14149878658519 0.00280814482862102
343010 3.14143610973441 0.00280412283741363
344010 3.14151332810093 0.00279995272199262
345010 3.14152053563665 0.00279588346312073
346010 3.14150458079246 0.00279185921604731
347010 3.14148871790438 0.00278785229520217
348010 3.1414844401023 0.00278384903415594
349010 3.14148018681413 0.00277986296931427
350010 3.14149881431959 0.00277586712450827
351010 3.14149454431498 0.00277191519983942
352010 3.14151302519815 0.00276795348056344
353010 3.1415427325005 0.00276399544177873
354010 3.14154967373803 0.00276008073345242
355010 3.14152277400637 0.00275622204630205
356010 3.14152973231089 0.00275234022818647
357010 3.14158146830621 0.00274842262525842
358010 3.14161056953716 0.00274454765843999
359010 3.14157265814323 0.00274076659475423
360010 3.14156828976973 0.00273696249423987
361010 3.14153070552062 0.00273321264594938
362010 3.14161487251733 0.00272933774069251
363010 3.14153329109391 0.00272566995962593
364010 3.14154006758056 0.00272191562808845
365010 3.1415468069368 0.00271817676742466
366010 3.14157536679326 0.00271442815719445
367010 3.14160377101441 0.00271069501093713
368010 3.14158854378957 0.00270702704565507
369010 3.14158423890951 0.0027033615247385
370010 3.14155833626118 0.00269973556222143
371010 3.14155413600712 0.00269609954117993
372010 3.14150694873794 0.00269252718806793
373010 3.14153507948849 0.00268888356061484
374010 3.14154167000882 0.00268527899565271
375010 3.14159089090958 0.00268164045605766
376010 3.14156538389936 0.00267810108179873
377010 3.14151879260497 0.00267459970543889
378010 3.14148302954948 0.00267110005750131
379010 3.14150022426849 0.0026675545309371
380010 3.14149627641378 0.00266404682247
381010 3.1415133461064 0.00266052927089984
382010 3.14151985550116 0.00265703739134477
383010 3.14151588731365 0.00265357095458641
384010 3.14158485456108 0.00265003625806321
385010 3.14158073816265 0.00264659711606947
386010 3.14157664309215 0.00264317132903084
387010 3.14151055528281 0.00263982810362273
388010 3.14154789825005 0.00263638248464587
389010 3.14153363666744 0.00263300761935128
390010 3.14156047280839 0.00262960001782417
391010 3.14153602209662 0.0026262624720596
392010 3.14157291905819 0.00262286962922159
393010 3.1416198061118 0.00261947861176306
394010 3.14160554300652 0.0026161681693654
395010 3.14160147844358 0.00261285904520415
396010 3.14159743440822 0.00260956244619347
397010 3.14163371199718 0.00260623382843389
398010 3.14163965729504 0.00260295113697318
399010 3.14161549835844 0.00259971391754765
400010 3.14159146021349 0.00259648874464613
401010 3.14162739083813 0.00259320984294834
402010 3.14163329270416 0.00258997605841411
403010 3.14165901590531 0.00258673260256785
404010 3.14163510804188 0.00258355544624241
405010 3.14162119453841 0.00258037917809569
406010 3.14164675746903 0.00257717159997716
407010 3.14168202255473 0.00257396524206007
408010 3.14162888164506 0.00257086685380158
409010 3.14163467885871 0.00256771583651082
410010 3.14167947123241 0.0025645340073164
411010 3.14166565290382 0.00256142729746498
412010 3.14169073566176 0.00255828978810012
413010 3.14169632696545 0.00255518473401584
414010 3.14170189125867 0.00255209095849262
415010 3.14166887544878 0.00254905000129267
416010 3.14168409413235 0.00254596806512433
417010 3.14168005563416 0.00254291793452029
418010 3.14168560560752 0.0025398684499668
419010 3.14171976802463 0.00253679914915558
420010 3.14172519701912 0.00253377159797995
421010 3.14174010118525 0.00253074467961403
422010 3.14177389161394 0.00252770829244559
423010 3.14175078603343 0.00252474346205004
424010 3.14177495813778 0.00252173867155548
425010 3.14170490106115 0.00251884496082843
426010 3.14167273068707 0.00251592117059503
427010 3.1416500784525 0.00251299756945338
428010 3.14170229667531 0.00251000468431032
429010 3.14173562387823 0.0025070422550159
430010 3.14168507709123 0.00250417905390163
431010 3.14164404538178 0.0025013158058594
432010 3.14167727598898 0.00249838400468592
433010 3.14164568947599 0.00249553080570428
434010 3.14165111402963 0.00249264845402891
435010 3.14161053768879 0.00248982452780421
436010 3.14161601798124 0.00248696188116792
437010 3.14163062630146 0.0024840994600069
438010 3.14162690349535 0.0024812660849814
439010 3.14161408623949 0.00247845194301764
440010 3.14160132724256 0.00247564735397165
441010 3.14161583637559 0.0024728237797544
442010 3.14153978416778 0.0024701044672622
443010 3.14156339586014 0.00246729036723302
444010 3.14157789238981 0.00246449526027609
445010 3.14161030089211 0.0024616908967583
446010 3.14153494316271 0.00245900810617013
447010 3.14152256101653 0.00245626893267385
448010 3.14150130577442 0.00245354816410689
449010 3.14150687067103 0.00245080869321357
450010 3.1415390769094 0.00244805074673447
451010 3.14157114032948 0.0024453020873347
452010 3.14160306187916 0.00244256266302373
453010 3.14159069336218 0.00243987802267274
454010 3.14156956895223 0.00243721130415184
455010 3.14157491044153 0.00243452613105785
456010 3.14158900024122 0.00243184078355513
457010 3.14155926566158 0.0024292093032421
458010 3.14159079496081 0.00242652355088569
459010 3.1415699004379 0.00242390033440403
460010 3.14159257407448 0.0024212410448471
461010 3.14157176633912 0.00241863490493311
462010 3.14158567996364 0.00241600174372164
463010 3.14155633787607 0.00241342129262701
464010 3.14156160427577 0.00241081390221953
465010 3.14158405195587 0.0024081974065176
466010 3.14158065277569 0.00240561563299217
467010 3.1415858332798 0.00240303343252951
468010 3.14155680434179 0.00240049426834076
469010 3.14157054220592 0.00239791985056788
470010 3.14157571115508 0.00239536232682986
471010 3.14163181248806 0.00239276135536067
472010 3.14160293214127 0.00239025458370197
473010 3.1415910868692 0.00238773857709085
474010 3.14160460749773 0.00238520493688863
475010 3.14164333382455 0.0023826538622388
476010 3.14163988151509 0.00238015329004501
477010 3.14163644368043 0.00237766057431045
478010 3.14160791615238 0.00237520091640109
479010 3.14162961107284 0.0023726985483037
480010 3.14160954980105 0.00237024587997908
481010 3.14161451944866 0.00236777579489476
482010 3.14160287130972 0.00236533003511386
483010 3.14159955280429 0.00236288355474227
484010 3.14166236234789 0.00236037858381689
485010 3.14165893486732 0.00235794742002938
486010 3.141647291208 0.00235553196056023
487010 3.14161926859818 0.00235314027280107
488010 3.14157496772607 0.00235077216637508
489010 3.14156356720721 0.00234837866586404
490010 3.14160119181241 0.00234594382221667
491010 3.14162237021649 0.00234353269740384
492010 3.1415946830349 0.00234117733591407
493010 3.1416157887264 0.00233878086338151
494010 3.14163680897148 0.00233639173391099
495010 3.14156077654997 0.00233410572192133
496010 3.14154150117941 0.00233177067805574
497010 3.14155449588539 0.00232941088543549
498010 3.14157547037208 0.00232705033048
499010 3.14154826556582 0.00232474426504187
