10 3.2 0.505964425626941 0.316227766016838
1010 3.18415841584158 0.0507153661385372 0.0314658387763776
2010 3.19601990049751 0.0357543887826496 0.0223049868372735
3010 3.13222591362126 0.0300501490066814 0.0182270654144122
4010 3.12817955112219 0.0260787742989408 0.0157916610463716
5010 3.14650698602794 0.023152370972204 0.0141280146660171
6010 3.16206322795341 0.0209968266924908 0.0128991996294937
7010 3.09957203994294 0.0199533740705952 0.0119437578824163
8010 3.13358302122347 0.0184105948910927 0.0111733587192332
9010 3.13429522752497 0.0173537150123437 0.0105350743396975
10010 3.13846153846154 0.0164353403412356 0.00999500374687773
11010 3.13896457765668 0.0156678735235103 0.00953029492430494
12010 3.14271440466278 0.0149776513762136 0.00912490803849957
13010 3.1206764027671 0.0145231252956673 0.00876720883788401
14010 3.13319057815846 0.0139231066540069 0.00844852575527498
15010 3.14936708860759 0.0133595671468856 0.00816224551407956
16010 3.13554028732042 0.0130116659707714 0.00790322477845678
17010 3.1564961787184 0.012511057046435 0.00766739510380394
18010 3.14869516935036 0.0121997519747755 0.00745149035396815
19010 3.14003156233561 0.0119183793476512 0.0072528541063542
20010 3.14182908545727 0.011607925956332 0.00706930070754902
21010 3.15049976201809 0.0112864783230431 0.0068990131667447
22010 3.13312130849614 0.0111085595565635 0.00674046687438554
23010 3.16870925684485 0.0106993984018273 0.00659237176540157
24010 3.13652644731362 0.0106206945061649 0.00645362787789465
25010 3.13042782886845 0.0104327264047657 0.00632329078861956
26010 3.13156478277586 0.0102253748463808 0.0062005444317027
27010 3.16253239540911 0.00990237132102723 0.006084679506314
28010 3.14459121742235 0.00979969133168719 0.00597507616403441
29010 3.14843157531886 0.00961353341436375 0.00587119000825765
30010 3.15588137287571 0.00942169582809839 0.00577254068194342
31010 3.14492099322799 0.00931230322044208 0.00567870249656572
32010 3.14401749453296 0.00916921348086212 0.0055892966843606
33010 3.14280521054226 0.00903390941174093 0.00550398495168539
34010 3.14766245221994 0.00888170963951681 0.00542246408290303
35010 3.1509854327335 0.00874147486707028 0.00534446139829055
36010 3.14412663149125 0.00864456631815647 0.00526973091069619
37010 3.15309375844366 0.00849427988187655 0.00519805005735912
38010 3.14569850039463 0.00840843550176284 0.00512921690785948
39010 3.13622148167137 0.00833329175436893 0.00506304776833428
40010 3.15201199700075 0.00817343304353986 0.00499937511716309
41010 3.15123140697391 0.0080758810574969 0.00493804581925336
42010 3.12820756962628 0.00805708578050464 0.0048789195755524
43010 3.14103696814694 0.0079202527169145 0.00482186757202232
44010 3.14937514201318 0.00780199285730128 0.00476677129844501
45010 3.14463452566096 0.00773047964518726 0.00471352151239041
46010 3.14940230384699 0.00763044831222793 0.00466201732772497
47010 3.13465220165922 0.00759617395670147 0.00461216541034565
48010 3.14926057071443 0.00747027734057567 0.00456387926654417
49010 3.12556621097735 0.00746767598039548 0.00451707861165157
50010 3.14097180563887 0.00734526216002557 0.00447168880847494
51010 3.13883552244658 0.00727946850327246 0.00442764036658806
52010 3.1482407229379 0.0071804055755721 0.00438486849483283
53010 3.14506696849651 0.00712200206180729 0.00434331270047536
54010 3.1428994630624 0.00706226548138243 0.00430291642937503
55010 3.14255589892747 0.00699880013845525 0.00426362674229778
56010 3.14351008748438 0.00693323257769845 0.00422539402315987
57010 3.15228907209262 0.00684638611842634 0.00418817171554503
58010 3.14380279262196 0.00681181929565865 0.00415191608431305
59010 3.13533299440773 0.006778029780896 0.00411658599952388
60010 3.14334277620397 0.006698654810656 0.00408214274024987
61010 3.14191116210457 0.00664756456909064 0.00404854981614822
62010 3.14007418158362 0.0065988701496421 0.00401577280492446
63010 3.13988255832408 0.00654682661990689 0.00398377920404083
64010 3.12738634588346 0.00652946888091415 0.00395253829521741
65010 3.13010306106753 0.00647177093011949 0.00392202102044175
66010 3.12528404787153 0.00643536826659091 0.00389219986834946
67010 3.14406804954484 0.00633717614497763 0.00386304876996582
68010 3.13842082046758 0.00630546034054993 0.00383454300291057
69010 3.1424431241849 0.00624898045068028 0.0038066591032655
70010 3.1426939008713 0.00620353103475125 0.0037793747843911
71010 3.14631742008168 0.00615020682347472 0.00375266886205365
72010 3.14200805443688 0.00611855470007817 0.00372652118529123
73010 3.13940556088207 0.00608319593713937 0.003700912572506
74010 3.14503445480341 0.00602756369373708 0.00367582475232191
75010 3.14448740167978 0.00598864475346072 0.00365124030879385
76010 3.14106038679121 0.00595777493222806 0.0036271426305945
77010 3.14146214777302 0.00591796071252201 0.00360351586384235
78010 3.14990385847968 0.00585878461917351 0.00358034486826633
79010 3.15023414757626 0.00582076443799016 0.00355761517643164
80010 3.14765654293213 0.00579067044998079 0.00353531295577748
81010 3.14010615973337 0.00577331519205833 0.00351342497324012
82010 3.14595781002317 0.00572377698238807 0.00349193856225599
83010 3.14207926755813 0.00569858385286449 0.00347084159195764
84010 3.12967503868587 0.00569409685925827 0.00345012243839259
85010 3.13939536525115 0.00563754262566449 0.00342976995760971
86010 3.14186722474131 0.00559882231485819 0.00340977346047185
87010 3.13361682565222 0.00558590268845953 0.00339012268906512
88010 3.13800704465402 0.00554386702674649 0.00337080779458675
89010 3.13928772048084 0.00550966456892595 0.00335181931660312
90010 3.1410287745806 0.00547494656004436 0.00333314816357882
91010 3.13943522689814 0.00544845023595413 0.00331478559458568
92010 3.13648516465602 0.00542549047176562 0.00329672320210817
93010 3.14379099021611 0.00537962380982516 0.00327895289586833
94010 3.143878310818 0.00535073678183676 0.0032614668875996
95010 3.14636354067993 0.00531687278609833 0.00324425767670441
96010 3.15129673992292 0.00527793880445471 0.00322731803673554
97010 3.12986290073188 0.00529844276927649 0.00321064100264594
98010 3.13674114886236 0.00525623369521749 0.00319421985875594
99010 3.13637006362994 0.0052304368589283 0.00317804812739047
100010 3.13592640735926 0.00520518996486984 0.00316211955814292
101010 3.14657954657955 0.00515606870438732 0.00314642811772491
102010 3.13988824625037 0.00514532916108072 0.00313096798036473
103010 3.13313270556257 0.00513482929719324 0.00311573351871976
104010 3.13804441880588 0.00509958034060371 0.00310071929527048
105010 3.13943433958671 0.00507227018444626 0.00308592005416644
106010 3.14596736156966 0.00503432122639373 0.00307133071349618
107010 3.14340715820951 0.00501620593055333 0.00305694635795548
108010 3.13970928617721 0.00500075241353038 0.00304276223188977
109010 3.14679387212182 0.00496281356985742 0.00302877373268845
110010 3.13767839287338 0.00495932723179551 0.00301497640451012
111010 3.14043779839654 0.00493120095797404 0.00300136593231954
112010 3.14793322024819 0.00489351781212077 0.00298793813621794
113010 3.14039465534024 0.00488746016655576 0.00297468896604996
114010 3.13895272344531 0.00486893989326297 0.00296161449627128
115010 3.13844013564038 0.00484877299724851 0.00294871092106223
116010 3.1394190156021 0.00482583869760318 0.00293597454967364
117010 3.14246645585847 0.0047989850197065 0.00292340180199186
118010 3.14905516481654 0.00476520328463966 0.0029109892043109
119010 3.15039072346862 0.00474242100157714 0.00289873338530047
120010 3.13903841346554 0.00474549461371749 0.00288663107215911
121010 3.14017023386497 0.00472359009947778 0.00287467908694253
122010 3.14639783624293 0.00469177155001157 0.00286287434305787
123010 3.1403950898301 0.00468458776024829 0.00285121384191496
124010 3.14329489557294 0.00465993530325656 0.00283969466972645
125010 3.14262858971282 0.00464257202095665 0.00282831399444897
126010 3.14635346401079 0.0046167918049782 0.00281706906285812
127010 3.14595701125896 0.00459935889688903 0.00280595719775029
128010 3.13231778767284 0.00460777545277872 0.00279497579526505
129010 3.14465545306565 0.00456609972243229 0.00278412232232183
130010 3.14529651565264 0.00454726385621756 0.00277339431416531
131010 3.1323410426685 0.00455466903548552 0.00276278937201398
132010 3.14291341565033 0.00451726055686569 0.00275230516080697
133010 3.14382377264867 0.00449850836710746 0.0027419394070441
134010 3.14197447951645 0.00448521045364318 0.00273168989671486
135010 3.1458410488112 0.00446123157301407 0.00272155447331183
136010 3.13965149621351 0.00445648557832983 0.00271153103592462
137010 3.14324501861178 0.00443344478372211 0.00270161753741049
138010 3.14313455546699 0.00441756067490635 0.00269181198263794
139010 3.13983166678656 0.0044078000551812 0.0026821124268
140010 3.14474680379973 0.00438289097176869 0.00267251697379382
141010 3.13915325154244 0.00437768213913309 0.00266302377466364
142010 3.14541229490881 0.00435068506024375 0.00265363102610416
143010 3.14456331725054 0.0043370147928622 0.00264433696902151
144010 3.14786473161586 0.00431584636077582 0.00263513988714935
145010 3.14174194883112 0.00431216352989144 0.00262603810571753
146010 3.13907266625574 0.00430222017389748 0.00261702999017095
147010 3.13921501938644 0.00428730552183272 0.00260811394493648
148010 3.14613877440713 0.00426026931870877 0.00259928841223576
149010 3.13506476075431 0.00426586734978736 0.00259055187094189
150010 3.14968335444304 0.00422535966743141 0.0025819028354781
151010 3.14514270578107 0.00421953054340535 0.00257333985475664
152010 3.14605618051444 0.00420399128623254 0.00256486151115607
153010 3.14439579112476 0.00419319589252146 0.0025564664195354
154010 3.14836698915655 0.00417248186923923 0.00254815322628353
155010 3.14294561641184 0.00416862439106159 0.00253992060840241
156010 3.14146529068649 0.00415785024656886 0.0025317672726226
157010 3.14339214062799 0.00414120425961959 0.00252369195454988
158010 3.14980064552876 0.00411679870959841 0.00251569341784156
159010 3.14790264763222 0.00410717337101159 0.00250777045341142
160010 3.14532841697394 0.00409882209744924 0.00249992187866192
161010 3.13744487920005 0.00409972811481144 0.00249214653674272
162010 3.13983087463737 0.00408295075483251 0.00248444329583443
163010 3.14061714005276 0.00406905648279694 0.00247681104845655
164010 3.13766233766234 0.00406168851732373 0.00246924871079864
165010 3.136828071026 0.00405078207830242 0.00246175522207381
166010 3.14303957592916 0.00402798813796791 0.00245432954389371
167010 3.14110532303455 0.00401920323217587 0.00244697065966409
168010 3.14031307660258 0.00400856627475799 0.00243967757400019
169010 3.14582569078753 0.00398735018765974 0.00243244931216117
170010 3.13903888006588 0.00398706103107777 0.0024252849195029
171010 3.14159405882697 0.00397109829743846 0.00241818346094833
172010 3.1383291669089 0.00396499911697145 0.00241114402047486
173010 3.1478180451997 0.0039376342516641 0.00240416570061799
174010 3.1446468593759 0.00393162026128893 0.00239724762199072
175010 3.14944288897777 0.0039123452816674 0.00239038892281806
176010 3.14052610647122 0.00391605585257318 0.00238358875848609
177010 3.1467826676459 0.00389461299186497 0.00237684630110508
178010 3.13440817931577 0.00390402102483564 0.00237016073908609
179010 3.14333277470532 0.00387848941069156 0.00236353127673065
180010 3.14395866896284 0.00386667316959997 0.00235695713383296
181010 3.13821335837799 0.00386535893197526 0.00235043754529417
182010 3.14204714026702 0.0038484906564772 0.00234397176074841
183010 3.1323534233102 0.00385362452373532 0.00233755904419996
184010 3.14482908537579 0.00382299976970426 0.00233119867367142
185010 3.13593859791363 0.00382700012533311 0.00232488994086222
186010 3.13763776141068 0.00381397744830741 0.00231863215081731
187010 3.14006737607615 0.00379987474288793 0.00231242462160564
188010 3.14049252699325 0.00378907529908132 0.00230626668400795
189010 3.14142108883128 0.00377755498788978 0.00230015768121376
190010 3.14160307352245 0.00376731126805745 0.0022940969685271
191010 3.13728077064028 0.00376429265776413 0.00228808391308072
192010 3.14616947034009 0.0037403735061103 0.00228211789355852
193010 3.14437593907051 0.0037335229151906 0.00227619829992588
194010 3.14515746610999 0.00372264995168952 0.00227032453316762
195010 3.13206502230655 0.00373362365113022 0.00226449600503345
196010 3.14581909086271 0.00370256496941787 0.00225871213779046
197010 3.13001370488808 0.00371779286560032 0.00225297236398261
198010 3.14202313014494 0.00368976678413922 0.00224727612619686
199010 3.14199286468017 0.00368053199253189 0.00224162287683581
200010 3.13550322483876 0.0036813699226889 0.00223601207789658
201010 3.13906770807423 0.00366670532033683 0.00223044320075572
202010 3.14530963813673 0.00364795667538765 0.00222491572596006
203010 3.13558937983351 0.0036539358952736 0.00221942914302314
204010 3.1460418606931 0.00362889842067216 0.00221398295022723
205010 3.14185649480513 0.00362648269526323 0.00220857665443056
206010 3.14037182661036 0.00361994277781318 0.00220320977087981
207010 3.14413796434955 0.00360542956582945 0.00219788182302752
208010 3.13852218643334 0.00360530941835935 0.00219259234235436
209010 3.13403186450409 0.00360345520086869 0.00218734086819606
210010 3.14524070282368 0.00357790555820028 0.00218212694757491
211010 3.14369935074167 0.00357175877694581 0.00217695013503565
212010 3.14204046978916 0.00356583395049205 0.00217180999248558
213010 3.14473498896765 0.0035533859667518 0.00216670608903887
214010 3.13942339143031 0.00355306113421817 0.00216163800086482
215010 3.14385377424306 0.00353814651144875 0.00215660531104005
216010 3.1450766168233 0.00352811135730854 0.00215160760940442
217010 3.1376434265702 0.00353106213050848 0.00214664449242062
218010 3.14198431264621 0.00351650640557426 0.00214171556303733
219010 3.13857814711657 0.00351352010629236 0.00213682043055577
220010 3.14280259988182 0.00349927250142015 0.00213195871049964
221010 3.14117913216597 0.00349374886201769 0.0021271300244883
222010 3.13886761857574 0.00348927494272966 0.00212233400011301
223010 3.13919555176898 0.00348096188182969 0.00211757027081635
224010 3.13737779563412 0.00347584196841505 0.00211283847577452
225010 3.13834940669304 0.00346669259522747 0.00210813825978255
226010 3.14465731604796 0.00344979197665204 0.00210346927314231
227010 3.1390687634906 0.00345034206529743 0.00209883117155321
228010 3.14196745756765 0.00343855340437555 0.00209422361600555
229010 3.13836077027204 0.00343626731919575 0.00208964627267648
230010 3.13979392200339 0.0034267187952193 0.00208509881282837
231010 3.13733604605861 0.00342283493065871 0.00208058091270968
232010 3.14793327873799 0.0034001353791252 0.00207609225345811
233010 3.13914424273636 0.00340552090166103 0.00207163252100609
234010 3.14041280287167 0.00339641797389559 0.0020672014059885
235010 3.14323645802306 0.00338513383860356 0.00206279860365249
236010 3.13829075039193 0.00338502408654494 0.00205842381376949
237010 3.14136956246572 0.00337348917118791 0.00205407674054918
238010 3.14027141716735 0.00336795805265446 0.0020497570925555
239010 3.13737500522991 0.0033650087596414 0.00204546458262459
240010 3.14025248947961 0.00335392293456797 0.00204119892778461
241010 3.14244222231443 0.00334385790736264 0.00203695984917737
242010 3.14076277839759 0.0033393154969534 0.00203274707198177
243010 3.13725361096251 0.00333736968210229 0.00202856032533897
244010 3.14528093110938 0.00331923197208971 0.00202439934227924
245010 3.14266356475246 0.00331613865077288 0.00202026385965044
246010 3.13819763424251 0.0033156417977357 0.00201615361804815
247010 3.1378648637707 0.00330938674272362 0.00201206836174729
248010 3.14695375186484 0.00329000738404731 0.00200800783863534
249010 3.14319906831051 0.00328864893224897 0.00200397180014692
250010 3.13657853685853 0.00329124955378123 0.00199996000119996
251010 3.14299828692084 0.00327580020176112 0.00199597220013312
252010 3.1411610650371 0.00327184015396672 0.00199200815864468
253010 3.14667404450417 0.00325772569610163 0.00198806764173275
254010 3.14179756702492 0.00325805613670386 0.0019841504176367
255010 3.13728873377515 0.00325785217350224 0.00198025625777994
256010 3.14612710440998 0.00323933811684484 0.0019763849367139
257010 3.14216567448737 0.00323848014893453 0.0019725362320632
258010 3.14500988333786 0.00322829553279236 0.00196870992447198
259010 3.13833442724219 0.00323117675034681 0.00196490579755143
260010 3.13961770701127 0.00322321363215061 0.00196112363782836
261010 3.14421669667829 0.00321077273163395 0.00195736323469487
262010 3.13366665394451 0.00321891849421673 0.00195362438035913
263010 3.14132542488879 0.00320246679906473 0.00194990686979714
264010 3.13965380099239 0.00319865436905487 0.00194621050070549
265010 3.1374966982378 0.00319551522306503 0.00194253507345513
266010 3.14049847750085 0.00318547086412833 0.00193888039104609
267010 3.1383393880379 0.00318239666661082 0.00193524625906313
268010 3.14279317935898 0.00317048140659723 0.0019316324856323
269010 3.14190550537155 0.00316577397969794 0.00192803888137837
270010 3.14149846301989 0.00316045084361679 0.00192446525938319
271010 3.14475480609572 0.00315025752634175 0.0019209114351448
272010 3.14254622991802 0.0031474131829373 0.00191737722653747
273010 3.13680817552471 0.0031492588777236 0.00191386245377248
274010 3.13934527936937 0.00314015303033125 0.00191036693935967
275010 3.14067124831824 0.00313268456824556 0.00190689050806986
276010 3.14714684250571 0.00311841008177198 0.00190343298689789
277010 3.14241363127685 0.00311905394460855 0.00189999420502651
278010 3.14293730441351 0.00311274788165868 0.0018965739937909
279010 3.1403748969571 0.00311053726528762 0.00189317218664392
280010 3.14563051319596 0.00309806088397125 0.0018897886191221
281010 3.1400306038931 0.00309989905038588 0.00188642312881215
282010 3.14268288358569 0.0030909271769084 0.0018830755553183
283010 3.14203738383803 0.00308630587618954 0.00187974574023018
284010 3.14191753811486 0.0030810240483984 0.00187643352709127
285010 3.14119504578787 0.00307655492882207 0.00187313876136811
286010 3.14363833432397 0.0030679924613601 0.00186986129041996
287010 3.14117278143619 0.00306584573413846 0.00186660096346911
288010 3.14005763688761 0.00306196130664906 0.00186335763157175
289010 3.14567662018615 0.003049381407965 0.00186013114758941
290010 3.14055377400779 0.00305074553811382 0.00185692136616089
291010 3.13989209992784 0.00304635052801577 0.00185372814367476
292010 3.14181021197904 0.00303866471270858 0.00185055133824239
293010 3.13910105457152 0.0030369491140081 0.00184739080967146
294010 3.14004285568518 0.00303057573126861 0.00184424641943997
295010 3.14331039625775 0.00302125243877433 0.00184111803067074
296010 3.1386777473734 0.00302205947050198 0.0018380055081064
297010 3.14198175145618 0.00301276013147099 0.00183490871808479
298010 3.14906211200966 0.00299863858617606 0.00183182752851491
299010 3.1423296879703 0.00300222478845566 0.00182876180885318
300010 3.14442851904936 0.00299454709522905 0.00182571143008029
301010 3.14223447725989 0.00299235507483986 0.00182267626467833
302010 3.14629316910036 0.00298224493900853 0.00181965618660843
303010 3.14272136233128 0.00298184770829974 0.00181665107128879
304010 3.13881780204599 0.00298185582176302 0.00181366079557304
305010 3.1451034392315 0.00296904795747366 0.00181068523772912
306010 3.13896931472828 0.00297190580447533 0.0018077242774184
307010 3.13962411647829 0.0029662426946772 0.00180477779567527
308010 3.14300185058927 0.00295719424299739 0.00180184567488706
309010 3.14031261124235 0.00295576874549924 0.00179892779877433
310010 3.14060836747202 0.00295062895970872 0.00179602405237148
311010 3.14047779814154 0.00294604405318621 0.00179313432200774
312010 3.14295054645684 0.00293824129530009 0.00179025849528848
313010 3.13918405162774 0.00293822084628304 0.00178739646107684
314010 3.14447310595204 0.00292697515538565 0.0017845481094757
315010 3.13861782165646 0.00292957748292432 0.00178171333180995
316010 3.13844498591817 0.00292515143442714 0.00177889202060909
317010 3.14280306614933 0.00291516007558757 0.00177608406959008
318010 3.14373761831389 0.00290941845822869 0.00177328937364057
319010 3.13977618256481 0.00290973158457815 0.00177050782880235
320010 3.14697665697947 0.00289631266768278 0.00176773933225509
321010 3.1430547334974 0.00289663139378282 0.0017649837823004
322010 3.14229992857365 0.00289305614131099 0.00176224107834615
323010 3.1383053156249 0.00289345224712296 0.00175951112089102
324010 3.14568068886763 0.00287997171667402 0.00175679381150934
325010 3.14566321036276 0.00287555914028645 0.00175408905283621
326010 3.14054170117481 0.00287739328711103 0.00175139674855282
327010 3.13733524968655 0.0028768748790154 0.00174871680337205
328010 3.13901405444956 0.00287045748696354 0.00174604912302433
329010 3.1384213245798 0.00286680758336072 0.00174339361424366
330010 3.14625617405533 0.00285297048229231 0.00174075018475399
331010 3.14429171324129 0.00285104273634625 0.00173811874325566
332010 3.14394144754676 0.00284716985922808 0.00173549919941223
333010 3.13848833368367 0.00284945762711155 0.00173289146383744
334010 3.13742702314302 0.00284645947942159 0.00173029544808237
335010 3.14393003193935 0.00283440680224646 0.00172771106462285
336010 3.14260885092706 0.00283177381328816 0.00172513822684709
337010 3.14190083380315 0.00282841793773526 0.00172257684904346
338010 3.14403715866395 0.00282167192100682 0.00172002684638853
339010 3.14053272764815 0.00282169506867218 0.00171748813493522
340010 3.14041351724949 0.00281768449796018 0.00171496063160124
341010 3.14363801648045 0.0028097093610947 0.00171244425415765
342010 3.13973275635215 0.00281024143597064 0.00170993892121763
343010 3.13938369143757 0.00280655523587563 0.00170744455222541
344010 3.14296677422168 0.00279822859882049 0.00170496106744541
345010 3.14386249673922 0.00279310775647097 0.00170248838795154
346010 3.14222132308315 0.00279101187009693 0.00170002643561661
347010 3.14257226016541 0.00278657288011375 0.00169757513310205
348010 3.14340392517456 0.00278158460367009 0.00169513440384762
349010 3.14073522248646 0.00278073902644429 0.00169270417206144
350010 3.13917888060341 0.00277858868206583 0.00169028436271004
351010 3.14377368166149 0.0027692373385089 0.00168787490150868
352010 3.14239936365444 0.00276691447764548 0.00168547571491174
353010 3.14239256678281 0.00276300062779944 0.0016830867301033
354010 3.1406457444705 0.00276113618168626 0.00168070787498789
355010 3.14277344300161 0.00275476180348277 0.00167833907818128
356010 3.13940619645516 0.00275481072050012 0.00167598026900156
357010 3.14154785580236 0.00274846173044801 0.00167363137746022
358010 3.1493198514008 0.00273554558154574 0.00167129233425348
359010 3.14020222277931 0.00274235513023267 0.00166896307075367
360010 3.14215716230105 0.00273627998908627 0.00166664351900076
361010 3.14389075094873 0.00273047812459303 0.00166433361169408
362010 3.14307339576255 0.00272765092867197 0.00166203328218407
363010 3.139715159362 0.00272776508106133 0.00165974246446422
364010 3.13586989368424 0.00272842442439306 0.00165746109316315
365010 3.14405632722391 0.00271528468823495 0.0016551891035367
366010 3.14264637578208 0.00271319667367255 0.00165292643146028
367010 3.13984905043459 0.00271270627838305 0.00165067301342123
368010 3.14216461509198 0.00270636666222421 0.00164842878651137
369010 3.14239722500745 0.00270243067793614 0.00164619368841957
370010 3.14564471230507 0.0026950533064197 0.00164396765742452
371010 3.13877253982372 0.00269926826565103 0.00164175063238759
372010 3.13956076449558 0.00269474231599715 0.00163954255274571
373010 3.1468218010241 0.00268284580414024 0.00163734335850449
374010 3.14007646854362 0.00268694280345319 0.00163515299023135
375010 3.13904162555665 0.00268452955941245 0.00163297138904875
376010 3.1407037046887 0.00267907736755906 0.00163079849662757
377010 3.14325879950134 0.00267262767607013 0.00162863425518057
378010 3.14876326023121 0.00266283060658216 0.00162647860745588
379010 3.14476135194322 0.00266386475314877 0.00162433149673072
380010 3.1412962816768 0.00266427229817959 0.00162219286680506
381010 3.14450539355922 0.00265715337167667 0.00162006266199548
382010 3.1367555823146 0.00266237890291302 0.00161794082712907
383010 3.14672723949766 0.00264769791882019 0.00161582730753741
384010 3.14313689747663 0.00264829342604523 0.00161372204905071
385010 3.14114438586011 0.00264708583701666 0.00161162499799189
386010 3.14020880288075 0.00264470041077881 0.00160953610117093
387010 3.13962946693884 0.00264192733670211 0.00160745530587913
388010 3.14178500554109 0.00263611784518104 0.00160538255988355
389010 3.14340505385466 0.00263091940757946 0.00160331781142152
390010 3.1423091715597 0.00262876623710863 0.00160126100919517
391010 3.14120866474003 0.00262662629776204 0.00159921210236612
392010 3.14255248590597 0.00262178135013142 0.00159717104055017
393010 3.14028650670466 0.00262095586380764 0.00159513777381213
394010 3.13986954645821 0.0026180886163359 0.00159311225266063
395010 3.13963697121592 0.0026150291960811 0.00159109442804313
396010 3.13944597358653 0.0026119358175742 0.00158908425134089
397010 3.13943729377094 0.00260865378429046 0.00158708167436406
398010 3.14851385643577 0.0025953420604965 0.00158508664934682
399010 3.14123455552492 0.0026001330611587 0.00158309912894261
400010 3.14040148996275 0.00259779567916091 0.00158111906621939
401010 3.13692925363457 0.00259835184568642 0.001579146414655
402010 3.13868809233601 0.00259319919089549 0.00157718112813257
403010 3.14351504925436 0.00258469753619952 0.001575223160936
404010 3.14395188237915 0.00258101766054754 0.00157327246774546
405010 3.14101874027802 0.00258103702807203 0.00157132900363302
406010 3.14088815546415 0.0025779988783162 0.00156939272405827
407010 3.13812437040859 0.00257783334028919 0.00156746358486408
408010 3.14272689394868 0.00256967096283738 0.00156554154227231
409010 3.14108701498741 0.00256831095829956 0.00156362655287971
410010 3.14437208848565 0.00256160530121527 0.00156171857365373
411010 3.14125690372497 0.00256187044270451 0.0015598175619285
412010 3.14181694619063 0.00255815307120772 0.00155792347540082
413010 3.13574005472022 0.00256160366593534 0.0015560362721262
414010 3.13965363155479 0.00255430126748172 0.00155415591051495
415010 3.14374111467194 0.00254681062070749 0.00155228234932835
416010 3.14380904305185 0.00254367436111332 0.00155041554767484
417010 3.14367521162562 0.00254076710755152 0.00154855546500626
418010 3.14243199923447 0.00253906542850349 0.00154670206111419
419010 3.14268394549056 0.00253576286685273 0.00154485529612625
420010 3.14205852241613 0.00253341391609743 0.00154301513050251
421010 3.14051447709081 0.00253205699448601 0.00154118152503199
422010 3.13771711570816 0.00253203908443993 0.00153935444082905
423010 3.14502257629843 0.00252123826633061 0.00153753383933003
424010 3.14025612603476 0.00252335893506685 0.00153571968228974
425010 3.13851438789676 0.00252224054064851 0.00153391193177817
426010 3.14347550526983 0.0025139986325198 0.00153211055017707
427010 3.14386079951289 0.00251064219095369 0.00153031550017677
428010 3.14244994275835 0.00250920974963307 0.00152852674477281
429010 3.14071000675975 0.00250813026381984 0.00152674424726285
430010 3.14242924583149 0.00250338967814204 0.00152496797124343
431010 3.14031693000162 0.00250271994176647 0.00152319788060688
432010 3.1399273164973 0.00250023295278321 0.00152143393953825
433010 3.14400129327267 0.00249303829241797 0.00151967611251222
434010 3.13888620077878 0.00249556100996203 0.00151792436429014
435010 3.14237373853475 0.00248901969777218 0.00151617865991704
436010 3.14452420816036 0.00248389428616271 0.00151443896471872
437010 3.13937896157983 0.0024864639301942 0.00151270524429882
438010 3.14178215109244 0.00248110299190751 0.00151097746453601
439010 3.14255256144507 0.00247746668039067 0.00150925559158112
440010 3.14276493716052 0.00247442696328066 0.00150753959185443
441010 3.14310333099023 0.00247126511211279 0.00150582943204281
442010 3.14129544580439 0.00247035989400252 0.00150412507909712
443010 3.14112999706553 0.00246774288086657 0.00150242650022944
444010 3.14283912524493 0.002463178411297 0.00150073366291046
445010 3.14054965056965 0.00246279545240452 0.00149904653486685
446010 3.13938252505549 0.00246124530272084 0.00149736508407871
447010 3.14401020111407 0.00245367844862242 0.00149568927877696
448010 3.14459945090511 0.00245032434810643 0.00149401908744087
449010 3.13817509632302 0.00245425734203513 0.00149235447879552
450010 3.14212573053932 0.00244744261804772 0.00149069542180941
451010 3.13861776900734 0.00244835327788096 0.00148904188569196
452010 3.140656180173 0.00244354113855217 0.00148739383989115
453010 3.14375400101543 0.00243764052144813 0.00148575125409113
454010 3.14151670668047 0.00243726583907297 0.00148411409820989
455010 3.14234851981275 0.00243372848718064 0.00148248234239696
456010 3.1424924891998 0.00243091015140655 0.00148085595703108
457010 3.13743681757511 0.00243343696655057 0.00147923491271799
458010 3.14238553743368 0.0024257067773565 0.00147761918028815
459010 3.13890329186728 0.00242663165526437 0.00147600873079459
460010 3.14287950261951 0.00241992089446743 0.00147440353551068
461010 3.1423873668684 0.00241779943623037 0.00147280356592803
462010 3.13846020648904 0.00241919176932729 0.00147120879375431
463010 3.14307682339474 0.0024118664545176 0.00146961919091119
464010 3.14285467985604 0.00240949322372197 0.00146803472953223
465010 3.14245285047633 0.00240731123511683 0.00146645538196087
466010 3.14572648655608 0.00240138244859832 0.00146488112074835
467010 3.13999271964198 0.00240465233217167 0.00146331191865176
468010 3.14195850516015 0.00240008598865049 0.00146174774863201
469010 3.13906313298224 0.00240046084637172 0.00146018858385193
470010 3.14033318440033 0.00239662119900909 0.00145863439767427
471010 3.13870193838772 0.00239572358770757 0.00145708516365985
472010 3.14085718522913 0.00239100880847459 0.00145554085556563
473010 3.14473689774001 0.00238455237069091 0.00145400144734284
474010 3.13497183603721 0.00239187342531692 0.00145246691313518
475010 3.13857813519715 0.00238573961278963 0.00145093722727696
476010 3.13895926556165 0.00238284970436243 0.00144941236429129
477010 3.14182092618603 0.00237747485471774 0.00144789229888832
478010 3.14401790757516 0.00237277388584848 0.00144637700596347
479010 3.13938331141312 0.00237495160514236 0.00144486646059568
480010 3.13970958938355 0.00237214994823323 0.00144336063804572
481010 3.13858755535228 0.00237080395132973 0.00144185951375445
482010 3.14524594925416 0.00236167354891703 0.00144036306334114
483010 3.14257675824517 0.00236190546893593 0.00143887126260184
484010 3.14116650482428 0.00236087394126592 0.0014373840875077
485010 3.14105688542504 0.00235854819783298 0.00143590151420339
486010 3.14335095985679 0.00235383111992379 0.00143442351900542
487010 3.14368082790908 0.00235108384631511 0.00143295007840062
488010 3.14011598122989 0.00235222262342375 0.00143148116904455
489010 3.13605038751764 0.0023538395346841 0.00143001676775992
490010 3.1443195036836 0.00234323950093156 0.00142855685153507
491010 3.1371499562127 0.00234795696955635 0.00142710139752248
492010 3.14294424910063 0.00233983865010688 0.00142565038303722
493010 3.13850834668668 0.00234185130812996 0.0014242037855555
494010 3.13730491285602 0.00234066443908208 0.00142276158271318
495010 3.13714066382497 0.00233846035280295 0.00142132375230433
496010 3.14254954537207 0.00233077509053771 0.0014198902722798
497010 3.14272147441701 0.00232825934929205 0.00141846112074578
498010 3.14216180397984 0.00232647253916125 0.00141703627596241
499010 3.14292699545099 0.00232338633286873 0.00141561571634239
