1 0 0
201 3.09213894460721 0.104722934661156
401 3.11622267706795 0.0118876633002586
601 3.12200057950026 0.0339221506456001
801 3.12874628264705 0.0178824668093217
1001 3.13133750930155 0.0209230348475314
1201 3.13152023685935 0.0167069746649042
1401 3.13307199799284 0.0115588805341524
1601 3.13512904684708 0.0170123855420493
1801 3.13537666703233 0.00651486712388564
2001 3.13631686359368 0.0151554157938135
2201 3.13582262771841 0.00656168534095497
2401 3.13648726397047 0.0124103898388501
2601 3.13646699921551 0.00661975181078228
2801 3.13719662938974 0.0102782688124985
3001 3.13736692244236 0.0063814901628087
3201 3.13835073542983 0.00863710949793344
3401 3.13746610544855 0.00498533229756727
3601 3.13842628891433 0.00594821596695714
3801 3.13809246538318 0.00552040756032981
4001 3.13891767634483 0.00616944770448706
4201 3.1386555970634 0.00550374999671753
4401 3.1386371002858 0.00585931816425078
4601 3.13913498365328 0.00504225104863472
4801 3.13902265265929 0.0057775764484615
5001 3.13890335613773 0.00359528748243165
5201 3.13898140596327 0.00493229269587199
5401 3.13890428196459 0.00216740445660573
5601 3.13936069921899 0.00424295225172755
5801 3.13895955348716 0.00204576498586059
6001 3.13941847035511 0.0030204035549288
6201 3.13957146506739 0.00290540420253863
6401 3.13996916462752 0.00211877681054924
6601 3.13942995215025 0.00265963928943867
6801 3.13949535608117 5.09947505855217E-05
7001 3.13945097451378 0.00263680419202522
7201 3.13999487232337 0.00033717925260233
7401 3.13968901265663 0.00315362876784624
7601 3.13979803128269 0.000216619399877689
7801 3.13995258606494 0.00339496763864659
8001 3.14024589092956 0.00185756757915706
8201 3.1404917357234 0.00365490826692979
8401 3.14009176814982 0.00252994527441775
8601 3.13996009032539 0.00262293208311803
8801 3.14009723583444 0.00304530897723964
9001 3.13993311338123 0.0019039822227604
9201 3.14032163021933 0.00350428666878718
9401 3.14000274556916 0.0016406470891323
9601 3.14030332524243 0.00347966279152071
9801 3.14004634742827 0.0019691582049428
