-5 -0.999999999998452
-4.875 -0.999999999994553
-4.75 -0.999999999981412
-4.625 -0.999999999938475
-4.5 -0.999999999802491
-4.375 -0.99999999938503
-4.25 -0.999999998142749
-4.125 -0.999999994559324
-4 -0.999999984539704
-3.875 -0.999999957382882
-3.75 -0.999999886034932
-3.625 -0.999999704333252
-3.5 -0.999999255782864
-3.375 -0.999998182440521
-3.25 -0.999995692781782
-3.125 -0.999990095004387
-3 -0.999977894851102
-2.875 -0.999952120464865
-2.75 -0.999899338666567
-2.625 -0.999794564994445
-2.5 -0.999592964536606
-2.375 -0.999216952820867
-2.25 -0.99853715334125
-2.125 -0.99734583210427
-2 -0.995322139581219
-1.875 -0.99198997276661
-1.75 -0.986671652155294
-1.625 -0.978443791119842
-1.5 -0.966105266402972
-1.375 -0.948170209967293
-1.25 -0.922900219942947
-1.125 -0.888388226979099
-1 -0.84270068974759
-0.875 -0.784074925009414
-0.75 -0.711155569636656
-0.625 -0.623240952417462
-0.5 -0.520500016304747
-0.375 -0.40411694412452
-0.25 -0.276326261353527
-0.125 -0.140316192477912
0 9.99999971718069E-10
0.125 0.140316192477912
0.25 0.276326261353527
0.375 0.40411694412452
0.5 0.520500016304747
0.625 0.623240952417462
0.75 0.711155569636656
0.875 0.784074925009414
1 0.84270068974759
1.125 0.888388226979099
1.25 0.922900219942947
1.375 0.948170209967293
1.5 0.966105266402972
1.625 0.978443791119842
1.75 0.986671652155294
1.875 0.99198997276661
2 0.995322139581219
2.125 0.99734583210427
2.25 0.99853715334125
2.375 0.999216952820867
2.5 0.999592964536606
2.625 0.999794564994445
2.75 0.999899338666567
2.875 0.999952120464865
3 0.999977894851102
3.125 0.999990095004387
3.25 0.999995692781782
3.375 0.999998182440521
3.5 0.999999255782864
3.625 0.999999704333252
3.75 0.999999886034932
3.875 0.999999957382882
4 0.999999984539704
4.125 0.999999994559324
4.25 0.999999998142749
4.375 0.99999999938503
4.5 0.999999999802491
4.625 0.999999999938475
4.75 0.999999999981412
4.875 0.999999999994553
5 0.999999999998452
