-5 NaN
-4.9921875 NaN
-4.984375 NaN
-4.9765625 NaN
-4.96875 NaN
-4.9609375 NaN
-4.953125 NaN
-4.9453125 NaN
-4.9375 NaN
-4.9296875 NaN
-4.921875 NaN
-4.9140625 NaN
-4.90625 NaN
-4.8984375 NaN
-4.890625 NaN
-4.8828125 NaN
-4.875 NaN
-4.8671875 NaN
-4.859375 NaN
-4.8515625 NaN
-4.84375 NaN
-4.8359375 NaN
-4.828125 NaN
-4.8203125 NaN
-4.8125 NaN
-4.8046875 NaN
-4.796875 NaN
-4.7890625 NaN
-4.78125 NaN
-4.7734375 NaN
-4.765625 NaN
-4.7578125 NaN
-4.75 NaN
-4.7421875 NaN
-4.734375 NaN
-4.7265625 NaN
-4.71875 NaN
-4.7109375 NaN
-4.703125 NaN
-4.6953125 NaN
-4.6875 NaN
-4.6796875 NaN
-4.671875 NaN
-4.6640625 NaN
-4.65625 NaN
-4.6484375 NaN
-4.640625 NaN
-4.6328125 NaN
-4.625 NaN
-4.6171875 NaN
-4.609375 NaN
-4.6015625 NaN
-4.59375 NaN
-4.5859375 NaN
-4.578125 NaN
-4.5703125 NaN
-4.5625 NaN
-4.5546875 NaN
-4.546875 NaN
-4.5390625 NaN
-4.53125 NaN
-4.5234375 NaN
-4.515625 NaN
-4.5078125 NaN
-4.5 NaN
-4.4921875 NaN
-4.484375 NaN
-4.4765625 NaN
-4.46875 NaN
-4.4609375 NaN
-4.453125 NaN
-4.4453125 NaN
-4.4375 NaN
-4.4296875 NaN
-4.421875 NaN
-4.4140625 NaN
-4.40625 NaN
-4.3984375 NaN
-4.390625 NaN
-4.3828125 NaN
-4.375 NaN
-4.3671875 NaN
-4.359375 NaN
-4.3515625 NaN
-4.34375 NaN
-4.3359375 NaN
-4.328125 NaN
-4.3203125 NaN
-4.3125 NaN
-4.3046875 NaN
-4.296875 NaN
-4.2890625 NaN
-4.28125 NaN
-4.2734375 NaN
-4.265625 NaN
-4.2578125 NaN
-4.25 NaN
-4.2421875 NaN
-4.234375 NaN
-4.2265625 NaN
-4.21875 NaN
-4.2109375 NaN
-4.203125 NaN
-4.1953125 NaN
-4.1875 NaN
-4.1796875 NaN
-4.171875 NaN
-4.1640625 NaN
-4.15625 NaN
-4.1484375 NaN
-4.140625 NaN
-4.1328125 NaN
-4.125 NaN
-4.1171875 NaN
-4.109375 NaN
-4.1015625 NaN
-4.09375 NaN
-4.0859375 NaN
-4.078125 NaN
-4.0703125 NaN
-4.0625 NaN
-4.0546875 NaN
-4.046875 NaN
-4.0390625 NaN
-4.03125 NaN
-4.0234375 NaN
-4.015625 NaN
-4.0078125 NaN
-4 NaN
-3.9921875 NaN
-3.984375 NaN
-3.9765625 NaN
-3.96875 NaN
-3.9609375 NaN
-3.953125 NaN
-3.9453125 NaN
-3.9375 NaN
-3.9296875 NaN
-3.921875 NaN
-3.9140625 NaN
-3.90625 NaN
-3.8984375 NaN
-3.890625 NaN
-3.8828125 NaN
-3.875 NaN
-3.8671875 NaN
-3.859375 NaN
-3.8515625 NaN
-3.84375 NaN
-3.8359375 NaN
-3.828125 NaN
-3.8203125 NaN
-3.8125 NaN
-3.8046875 NaN
-3.796875 NaN
-3.7890625 NaN
-3.78125 NaN
-3.7734375 NaN
-3.765625 NaN
-3.7578125 NaN
-3.75 NaN
-3.7421875 NaN
-3.734375 NaN
-3.7265625 NaN
-3.71875 NaN
-3.7109375 NaN
-3.703125 NaN
-3.6953125 NaN
-3.6875 NaN
-3.6796875 NaN
-3.671875 NaN
-3.6640625 NaN
-3.65625 NaN
-3.6484375 NaN
-3.640625 NaN
-3.6328125 NaN
-3.625 NaN
-3.6171875 NaN
-3.609375 NaN
-3.6015625 NaN
-3.59375 NaN
-3.5859375 NaN
-3.578125 NaN
-3.5703125 NaN
-3.5625 NaN
-3.5546875 NaN
-3.546875 NaN
-3.5390625 NaN
-3.53125 NaN
-3.5234375 NaN
-3.515625 NaN
-3.5078125 NaN
-3.5 NaN
-3.4921875 NaN
-3.484375 NaN
-3.4765625 NaN
-3.46875 NaN
-3.4609375 NaN
-3.453125 NaN
-3.4453125 NaN
-3.4375 NaN
-3.4296875 NaN
-3.421875 NaN
-3.4140625 NaN
-3.40625 NaN
-3.3984375 NaN
-3.390625 NaN
-3.3828125 NaN
-3.375 NaN
-3.3671875 NaN
-3.359375 NaN
-3.3515625 NaN
-3.34375 NaN
-3.3359375 NaN
-3.328125 NaN
-3.3203125 NaN
-3.3125 NaN
-3.3046875 NaN
-3.296875 NaN
-3.2890625 NaN
-3.28125 NaN
-3.2734375 NaN
-3.265625 NaN
-3.2578125 NaN
-3.25 NaN
-3.2421875 NaN
-3.234375 NaN
-3.2265625 NaN
-3.21875 NaN
-3.2109375 NaN
-3.203125 NaN
-3.1953125 NaN
-3.1875 NaN
-3.1796875 NaN
-3.171875 NaN
-3.1640625 NaN
-3.15625 NaN
-3.1484375 NaN
-3.140625 NaN
-3.1328125 NaN
-3.125 NaN
-3.1171875 NaN
-3.109375 NaN
-3.1015625 NaN
-3.09375 NaN
-3.0859375 NaN
-3.078125 NaN
-3.0703125 NaN
-3.0625 NaN
-3.0546875 NaN
-3.046875 NaN
-3.0390625 NaN
-3.03125 NaN
-3.0234375 NaN
-3.015625 NaN
-3.0078125 NaN
-3 NaN
-2.9921875 NaN
-2.984375 NaN
-2.9765625 NaN
-2.96875 NaN
-2.9609375 NaN
-2.953125 NaN
-2.9453125 NaN
-2.9375 NaN
-2.9296875 NaN
-2.921875 NaN
-2.9140625 NaN
-2.90625 NaN
-2.8984375 NaN
-2.890625 NaN
-2.8828125 NaN
-2.875 NaN
-2.8671875 NaN
-2.859375 NaN
-2.8515625 NaN
-2.84375 NaN
-2.8359375 NaN
-2.828125 NaN
-2.8203125 NaN
-2.8125 NaN
-2.8046875 NaN
-2.796875 NaN
-2.7890625 NaN
-2.78125 NaN
-2.7734375 NaN
-2.765625 NaN
-2.7578125 NaN
-2.75 NaN
-2.7421875 NaN
-2.734375 NaN
-2.7265625 NaN
-2.71875 NaN
-2.7109375 NaN
-2.703125 NaN
-2.6953125 NaN
-2.6875 NaN
-2.6796875 NaN
-2.671875 NaN
-2.6640625 NaN
-2.65625 NaN
-2.6484375 NaN
-2.640625 NaN
-2.6328125 NaN
-2.625 NaN
-2.6171875 NaN
-2.609375 NaN
-2.6015625 NaN
-2.59375 NaN
-2.5859375 NaN
-2.578125 NaN
-2.5703125 NaN
-2.5625 NaN
-2.5546875 NaN
-2.546875 NaN
-2.5390625 NaN
-2.53125 NaN
-2.5234375 NaN
-2.515625 NaN
-2.5078125 NaN
-2.5 NaN
-2.4921875 NaN
-2.484375 NaN
-2.4765625 NaN
-2.46875 NaN
-2.4609375 NaN
-2.453125 NaN
-2.4453125 NaN
-2.4375 NaN
-2.4296875 NaN
-2.421875 NaN
-2.4140625 NaN
-2.40625 NaN
-2.3984375 NaN
-2.390625 NaN
-2.3828125 NaN
-2.375 NaN
-2.3671875 NaN
-2.359375 NaN
-2.3515625 NaN
-2.34375 NaN
-2.3359375 NaN
-2.328125 NaN
-2.3203125 NaN
-2.3125 NaN
-2.3046875 NaN
-2.296875 NaN
-2.2890625 NaN
-2.28125 NaN
-2.2734375 NaN
-2.265625 NaN
-2.2578125 NaN
-2.25 NaN
-2.2421875 NaN
-2.234375 NaN
-2.2265625 NaN
-2.21875 NaN
-2.2109375 NaN
-2.203125 NaN
-2.1953125 NaN
-2.1875 NaN
-2.1796875 NaN
-2.171875 NaN
-2.1640625 NaN
-2.15625 NaN
-2.1484375 NaN
-2.140625 NaN
-2.1328125 NaN
-2.125 NaN
-2.1171875 NaN
-2.109375 NaN
-2.1015625 NaN
-2.09375 NaN
-2.0859375 NaN
-2.078125 NaN
-2.0703125 NaN
-2.0625 NaN
-2.0546875 NaN
-2.046875 NaN
-2.0390625 NaN
-2.03125 NaN
-2.0234375 NaN
-2.015625 NaN
-2.0078125 NaN
-2 NaN
-1.9921875 NaN
-1.984375 NaN
-1.9765625 NaN
-1.96875 NaN
-1.9609375 NaN
-1.953125 NaN
-1.9453125 NaN
-1.9375 NaN
-1.9296875 NaN
-1.921875 NaN
-1.9140625 NaN
-1.90625 NaN
-1.8984375 NaN
-1.890625 NaN
-1.8828125 NaN
-1.875 NaN
-1.8671875 NaN
-1.859375 NaN
-1.8515625 NaN
-1.84375 NaN
-1.8359375 NaN
-1.828125 NaN
-1.8203125 NaN
-1.8125 NaN
-1.8046875 NaN
-1.796875 NaN
-1.7890625 NaN
-1.78125 NaN
-1.7734375 NaN
-1.765625 NaN
-1.7578125 NaN
-1.75 NaN
-1.7421875 NaN
-1.734375 NaN
-1.7265625 NaN
-1.71875 NaN
-1.7109375 NaN
-1.703125 NaN
-1.6953125 NaN
-1.6875 NaN
-1.6796875 NaN
-1.671875 NaN
-1.6640625 NaN
-1.65625 NaN
-1.6484375 NaN
-1.640625 NaN
-1.6328125 NaN
-1.625 NaN
-1.6171875 NaN
-1.609375 NaN
-1.6015625 NaN
-1.59375 NaN
-1.5859375 NaN
-1.578125 NaN
-1.5703125 NaN
-1.5625 NaN
-1.5546875 NaN
-1.546875 NaN
-1.5390625 NaN
-1.53125 NaN
-1.5234375 NaN
-1.515625 NaN
-1.5078125 NaN
-1.5 NaN
-1.4921875 NaN
-1.484375 NaN
-1.4765625 NaN
-1.46875 NaN
-1.4609375 NaN
-1.453125 NaN
-1.4453125 NaN
-1.4375 NaN
-1.4296875 NaN
-1.421875 NaN
-1.4140625 NaN
-1.40625 NaN
-1.3984375 NaN
-1.390625 NaN
-1.3828125 NaN
-1.375 NaN
-1.3671875 NaN
-1.359375 NaN
-1.3515625 NaN
-1.34375 NaN
-1.3359375 NaN
-1.328125 NaN
-1.3203125 NaN
-1.3125 NaN
-1.3046875 NaN
-1.296875 NaN
-1.2890625 NaN
-1.28125 NaN
-1.2734375 NaN
-1.265625 NaN
-1.2578125 NaN
-1.25 NaN
-1.2421875 NaN
-1.234375 NaN
-1.2265625 NaN
-1.21875 NaN
-1.2109375 NaN
-1.203125 NaN
-1.1953125 NaN
-1.1875 NaN
-1.1796875 NaN
-1.171875 NaN
-1.1640625 NaN
-1.15625 NaN
-1.1484375 NaN
-1.140625 NaN
-1.1328125 NaN
-1.125 NaN
-1.1171875 NaN
-1.109375 NaN
-1.1015625 NaN
-1.09375 NaN
-1.0859375 NaN
-1.078125 NaN
-1.0703125 NaN
-1.0625 NaN
-1.0546875 NaN
-1.046875 NaN
-1.0390625 NaN
-1.03125 NaN
-1.0234375 NaN
-1.015625 NaN
-1.0078125 NaN
-1 NaN
-0.9921875 NaN
-0.984375 NaN
-0.9765625 NaN
-0.96875 NaN
-0.9609375 NaN
-0.953125 NaN
-0.9453125 NaN
-0.9375 NaN
-0.9296875 NaN
-0.921875 NaN
-0.9140625 NaN
-0.90625 NaN
-0.8984375 NaN
-0.890625 NaN
-0.8828125 NaN
-0.875 NaN
-0.8671875 NaN
-0.859375 NaN
-0.8515625 NaN
-0.84375 NaN
-0.8359375 NaN
-0.828125 NaN
-0.8203125 NaN
-0.8125 NaN
-0.8046875 NaN
-0.796875 NaN
-0.7890625 NaN
-0.78125 NaN
-0.7734375 NaN
-0.765625 NaN
-0.7578125 NaN
-0.75 NaN
-0.7421875 NaN
-0.734375 NaN
-0.7265625 NaN
-0.71875 NaN
-0.7109375 NaN
-0.703125 NaN
-0.6953125 NaN
-0.6875 NaN
-0.6796875 NaN
-0.671875 NaN
-0.6640625 NaN
-0.65625 NaN
-0.6484375 NaN
-0.640625 NaN
-0.6328125 NaN
-0.625 NaN
-0.6171875 NaN
-0.609375 NaN
-0.6015625 NaN
-0.59375 NaN
-0.5859375 NaN
-0.578125 NaN
-0.5703125 NaN
-0.5625 NaN
-0.5546875 NaN
-0.546875 NaN
-0.5390625 NaN
-0.53125 NaN
-0.5234375 NaN
-0.515625 NaN
-0.5078125 NaN
-0.5 NaN
-0.4921875 NaN
-0.484375 NaN
-0.4765625 NaN
-0.46875 NaN
-0.4609375 NaN
-0.453125 NaN
-0.4453125 NaN
-0.4375 NaN
-0.4296875 NaN
-0.421875 NaN
-0.4140625 NaN
-0.40625 NaN
-0.3984375 NaN
-0.390625 NaN
-0.3828125 NaN
-0.375 NaN
-0.3671875 NaN
-0.359375 NaN
-0.3515625 NaN
-0.34375 NaN
-0.3359375 NaN
-0.328125 NaN
-0.3203125 NaN
-0.3125 NaN
-0.3046875 NaN
-0.296875 NaN
-0.2890625 NaN
-0.28125 NaN
-0.2734375 NaN
-0.265625 NaN
-0.2578125 NaN
-0.25 NaN
-0.2421875 NaN
-0.234375 NaN
-0.2265625 NaN
-0.21875 NaN
-0.2109375 NaN
-0.203125 NaN
-0.1953125 NaN
-0.1875 NaN
-0.1796875 NaN
-0.171875 NaN
-0.1640625 NaN
-0.15625 NaN
-0.1484375 NaN
-0.140625 NaN
-0.1328125 NaN
-0.125 NaN
-0.1171875 NaN
-0.109375 NaN
-0.1015625 NaN
-0.09375 NaN
-0.0859375 NaN
-0.078125 NaN
-0.0703125 NaN
-0.0625 NaN
-0.0546875 NaN
-0.046875 NaN
-0.0390625 NaN
-0.03125 NaN
-0.0234375 NaN
-0.015625 NaN
-0.0078125 NaN
0 NaN
0.0078125 4.8475707649937
0.015625 4.15006336281286
0.0234375 3.74033618848567
0.03125 3.44848911704994
0.0390625 3.22127656796242
0.046875 3.03498097008888
0.0546875 2.87695018225476
0.0625 2.73963161138143
0.0703125 2.61815334365766
0.078125 2.50918857772702
0.0859375 2.41036418371875
0.09375 2.3199277010192
0.1015625 2.2365480862133
0.109375 2.15919051277131
0.1171875 2.08703446983056
0.125 2.01941834734442
0.1328125 1.95580085040723
0.140625 1.89573345923467
0.1484375 1.83884034501768
0.15625 1.78480344331741
0.1640625 1.73335117299333
0.171875 1.68424978179977
0.1796875 1.63729661726761
0.1875 1.59231483071043
0.1953125 1.54914916299631
0.203125 1.50766255729333
0.2109375 1.46773341137482
0.21875 1.42925332982408
0.2265625 1.39212527081355
0.234375 1.35626200714692
0.2421875 1.32158483970048
0.25 1.28802251515743
0.2578125 1.25551031029774
0.265625 1.22398925299675
0.2734375 1.19340545614526
0.28125 1.16370954539721
0.2890625 1.13485616531466
0.296875 1.10680355136168
0.3046875 1.07951315748149
0.3125 1.05294933081101
0.3203125 1.02707902654767
0.328125 1.00187155716158
0.3359375 0.977298371103683
0.34375 0.953332856940169
0.3515625 0.929950169484784
0.359375 0.907127075027597
0.3671875 0.884841813195992
0.375 0.863073973346876
0.3828125 0.841804383692327
0.390625 0.821015011615264
0.3984375 0.800688873845655
0.40625 0.780809955348568
0.4140625 0.761363135928552
0.421875 0.742334123685059
0.4296875 0.723709394564814
0.4375 0.705476137352132
0.4453125 0.687622203519943
0.453125 0.670136061434348
0.4609375 0.653006754466443
0.46875 0.636223862617527
0.4765625 0.619777467309395
0.484375 0.603658119031139
0.4921875 0.587856807568302
0.5 0.572364934570578
0.5078125 0.557174288240684
0.515625 0.542277019950144
0.5234375 0.527665622608387
0.53125 0.513332910629305
0.5390625 0.49927200135558
0.546875 0.485476297814979
0.5546875 0.471939472695412
0.5625 0.458655453436564
0.5703125 0.445618408345787
0.578125 0.432822733654851
0.5859375 0.420263041441658
0.59375 0.407934148348516
0.6015625 0.395831065034429
0.609375 0.383948986304727
0.6171875 0.372283281866308
0.625 0.360829487661416
0.6328125 0.349583297736815
0.640625 0.338540556609152
0.6484375 0.327697252090337
0.65625 0.31704950854009
0.6640625 0.306593580515278
0.671875 0.296325846788364
0.6796875 0.286242804709293
0.6875 0.276341064887473
0.6953125 0.266617346172086
0.703125 0.257068470910832
0.7109375 0.24769136046869
0.71875 0.238483030989686
0.7265625 0.229440589385982
0.734375 0.220561229539696
0.7421875 0.211842228703994
0.75 0.203280944091058
0.7578125 0.194874809635206
0.765625 0.186621332920586
0.7734375 0.178518092263306
0.78125 0.170562733938789
0.7890625 0.162752969545796
0.796875 0.155086573498909
0.8046875 0.147561380642082
0.8125 0.140175283976298
0.8203125 0.132926232494728
0.828125 0.125812229119374
0.8359375 0.118831328733455
0.84375 0.111981636304248
0.8515625 0.105261305091427
0.859375 0.0986685349361789
0.8671875 0.0922015706267583
0.875 0.0858587003364458
0.8828125 0.0796382541299878
0.890625 0.0735386025349576
0.8984375 0.0675581551746283
0.90625 0.0616953594592935
0.9140625 0.0559486993327942
0.921875 0.0503166940717941
0.9296875 0.0447978971348344
0.9375 0.0393908950588619
0.9453125 0.0340943064008544
0.953125 0.0289067807222884
0.9609375 0.0238269976144056
0.96875 0.0188536657623025
0.9765625 0.0139855220459714
0.984375 0.00922133067655486
0.9921875 0.00455988236614
1 -1.09350976051914E-08
1.0078125 -0.00445949892591836
1.015625 -0.00881972054680919
1.0234375 -0.0130817867658417
1.03125 -0.0172467857497881
1.0390625 -0.0213157835231012
1.046875 -0.0252898246026789
1.0546875 -0.0291699326095451
1.0625 -0.032957110858347
1.0703125 -0.0366523429257421
1.078125 -0.0402565931985489
1.0859375 -0.043770807402492
1.09375 -0.0471959131124192
1.1015625 -0.050532820244785
1.109375 -0.0537824215330526
1.1171875 -0.056945592986843
1.125 -0.0600231943354142
1.1328125 -0.0630160694561733
1.140625 -0.0659250467887834
1.1484375 -0.0687509397355008
1.15625 -0.0714945470482178
1.1640625 -0.0741566532028686
1.171875 -0.0767380287615267
1.1796875 -0.0792394307228594
1.1875 -0.0816616028612438
1.1953125 -0.0840052760551038
1.203125 -0.0862711686048002
1.2109375 -0.0884599865404722
1.21875 -0.0905724239203313
1.2265625 -0.09260916311959
1.234375 -0.0945708751105424
1.2421875 -0.0964582197339945
1.25 -0.0982718459624626
1.2578125 -0.100012392155395
1.265625 -0.101680486306708
1.2734375 -0.103276746284942
1.28125 -0.104801780066295
1.2890625 -0.106256185960733
1.296875 -0.107640552831553
1.3046875 -0.108955460308479
1.3125 -0.110201478994666
1.3203125 -0.111379170667644
1.328125 -0.112489088474667
1.3359375 -0.113531777122372
1.34375 -0.114507773061187
1.3515625 -0.115417604664514
1.359375 -0.116261792402925
1.3671875 -0.117040849013567
1.375 -0.11775527966485
1.3828125 -0.118405582116663
1.390625 -0.118992246876207
1.3984375 -0.119515757349637
1.40625 -0.119976589989621
1.4140625 -0.120375214438944
1.421875 -0.120712093670284
1.4296875 -0.120987684122332
1.4375 -0.121202435832336
1.4453125 -0.121356792565124
1.453125 -0.121451191938849
1.4609375 -0.121486065547454
1.46875 -0.121461839079989
1.4765625 -0.121378932436911
1.484375 -0.121237759843386
1.4921875 -0.121038729959783
1.5 -0.120782245989367
1.5078125 -0.120468705783296
1.515625 -0.120098501943048
1.5234375 -0.119672021920264
1.53125 -0.119189648114205
1.5390625 -0.118651757966778
1.546875 -0.118058724055279
1.5546875 -0.117410914182889
1.5625 -0.116708691466998
1.5703125 -0.11595241442544
1.578125 -0.115142437060597
1.5859375 -0.114279108941648
1.59375 -0.113362775284771
1.6015625 -0.112393777031504
1.609375 -0.111372450925298
1.6171875 -0.110299129586288
1.625 -0.109174141584319
1.6328125 -0.107997811510363
1.640625 -0.106770460046212
1.6484375 -0.105492404032682
1.65625 -0.104163956536213
1.6640625 -0.102785426914022
1.671875 -0.101357120877745
1.6796875 -0.0998793405557407
1.6875 -0.0983523845539377
1.6953125 -0.0967765480153913
1.703125 -0.0951521226785198
1.7109375 -0.0934793969340776
1.71875 -0.0917586558808909
1.7265625 -0.0899901813803795
1.734375 -0.0881742521099168
1.7421875 -0.0863111436150822
1.75 -0.0844011283607229
1.7578125 -0.0824444757810285
1.765625 -0.0804414523284588
1.7734375 -0.0783923215217214
1.78125 -0.0762973439927371
1.7890625 -0.0741567775325617
1.796875 -0.0719708771364376
1.8046875 -0.0697398950478989
1.8125 -0.0674640808019462
1.8203125 -0.0651436812673661
1.828125 -0.0627789406881757
1.8359375 -0.0603701007242556
1.84375 -0.0579174004911494
1.8515625 -0.0554210765990463
1.859375 -0.052881363191022
1.8671875 -0.0502984919805247
1.875 -0.0476726922880768
1.8828125 -0.0450041910772888
1.890625 -0.0422932129901641
1.8984375 -0.0395399803817388
1.90625 -0.036744713353959
1.9140625 -0.0339076297890668
1.921875 -0.0310289453821583
1.9296875 -0.0281088736732534
1.9375 -0.0251476260787092
1.9453125 -0.0221454119220217
1.953125 -0.0191024384640722
1.9609375 -0.0160189109327941
1.96875 -0.0128950325522778
1.9765625 -0.00973100457134468
1.984375 -0.0065270262915843
1.9921875 -0.0032832950948859
2 -1.09350976051914E-08
2.0078125 0.00332264151613659
2.015625 0.00668446598915606
2.0234375 0.0100852725156927
2.03125 0.0135248729169656
2.0390625 0.0170030807790355
2.046875 0.0205197114286153
2.0546875 0.0240745819092671
2.0625 0.0276675109580878
2.0703125 0.0312983189827657
2.078125 0.0349668280390386
2.0859375 0.0386728618085825
2.09375 0.042416245577268
2.1015625 0.0461968062137661
2.109375 0.0500143721485909
2.1171875 0.0538687733534471
2.125 0.0577598413209692
2.1328125 0.061687409044784
2.140625 0.0656513109999358
2.1484375 0.0696513831236183
2.15625 0.0736874627962801
2.1640625 0.0777593888229734
2.171875 0.0818670014151118
2.1796875 0.0860101421724477
2.1875 0.0901886540654154
2.1953125 0.0944023814177145
2.203125 0.0986511698892117
2.2109375 0.102934866459157
2.21875 0.107253319409589
2.2265625 0.111606378309101
2.234375 0.115993893996807
2.2421875 0.12041571856662
2.25 0.124871705351747
2.2578125 0.129361708909451
2.265625 0.133885585006059
2.2734375 0.138443190602203
2.28125 0.143034383838286
2.2890625 0.147659024020231
2.296875 0.152316971605373
2.3046875 0.157008088188659
2.3125 0.161732236488976
2.3203125 0.166489280335812
2.328125 0.171279084655978
2.3359375 0.176101515460671
2.34375 0.180956439832649
2.3515625 0.185843725913648
2.359375 0.190763242891986
2.3671875 0.19571486099033
2.375 0.200698451453684
2.3828125 0.205713886537549
2.390625 0.210761039496261
2.3984375 0.215839784571501
2.40625 0.220949996980972
2.4140625 0.226091552907265
2.421875 0.231264329486894
2.4296875 0.236468204799472
2.4375 0.241703057857033
2.4453125 0.246968768593584
2.453125 0.252265217854735
2.4609375 0.257592287387515
2.46875 0.262949859830343
2.4765625 0.268337818703114
2.484375 0.273756048397483
2.4921875 0.27920443416723
2.5 0.284682862118797
2.5078125 0.290191219201972
2.515625 0.295729393200663
2.5234375 0.301297272723865
2.53125 0.306894747196695
2.5390625 0.312521706851593
2.546875 0.318178042719639
2.5546875 0.323863646621986
2.5625 0.329578411161422
2.5703125 0.335322229714019
2.578125 0.341094996420991
2.5859375 0.346896606180522
2.59375 0.352726954639829
2.6015625 0.358585938187287
2.609375 0.364473453944666
2.6171875 0.370389399759464
2.625 0.376333674197382
2.6328125 0.382306176534831
2.640625 0.38830680675164
2.6484375 0.394335465523767
2.65625 0.400392054216182
2.6640625 0.406476474875785
2.671875 0.412588630224489
2.6796875 0.418728423652305
2.6875 0.42489575921061
2.6953125 0.431090541605451
2.703125 0.437312676190952
2.7109375 0.443562068962806
2.71875 0.449838626551853
2.7265625 0.456142256217756
2.734375 0.462472865842745
2.7421875 0.468830363925419
2.75 0.4752146595747
2.7578125 0.481625662503774
2.765625 0.48806328302421
2.7734375 0.494527432040064
2.78125 0.501018021042086
2.7890625 0.507534962102061
2.796875 0.514078167867141
2.8046875 0.520647551554277
2.8125 0.527243026944747
2.8203125 0.533864508378717
2.828125 0.540511910749909
2.8359375 0.547185149500286
2.84375 0.553884140614844
2.8515625 0.560608800616468
2.859375 0.567359046560836
2.8671875 0.574134796031369
2.875 0.580935967134297
2.8828125 0.587762478493749
2.890625 0.594614249246905
2.8984375 0.601491199039192
2.90625 0.608393248019626
2.9140625 0.615320316836043
2.921875 0.622272326630587
2.9296875 0.629249199035107
2.9375 0.636250856166656
2.9453125 0.643277220623069
2.953125 0.650328215478557
2.9609375 0.657403764279373
2.96875 0.664503791039528
2.9765625 0.671628220236558
2.984375 0.678776976807335
2.9921875 0.685949986143923
3 0.693147169624848
3.0078125 0.700368462491739
3.015625 0.707613786991156
3.0234375 0.714883070295613
3.03125 0.722176240012876
3.0390625 0.729493224182112
3.046875 0.736833951270095
3.0546875 0.744198350167415
3.0625 0.751586350184787
3.0703125 0.758997881049371
3.078125 0.76643287290112
3.0859375 0.773891256289215
3.09375 0.781372962168507
3.1015625 0.788877921895988
3.109375 0.796406067227349
3.1171875 0.803957330313531
3.125 0.811531643697349
3.1328125 0.819128940310127
3.140625 0.826749153468389
3.1484375 0.834392216870572
3.15625 0.842058064593813
3.1640625 0.849746631090695
3.171875 0.857457851186132
3.1796875 0.865191660074196
3.1875 0.872947993315048
3.1953125 0.880726786831843
3.203125 0.888527976907708
3.2109375 0.896351500182778
3.21875 0.904197293651178
3.2265625 0.912065294658134
3.234375 0.919955440897043
3.2421875 0.927867670406624
3.25 0.935801921568076
3.2578125 0.943758133102266
3.265625 0.951736244066961
3.2734375 0.959736193854078
3.28125 0.967757922186951
3.2890625 0.975801369117681
3.296875 0.983866475024438
3.3046875 0.991953180608862
3.3125 1.00006142689342
3.3203125 1.00819115521889
3.328125 1.01634230724176
3.3359375 1.02451482493174
3.34375 1.03270865056923
3.3515625 1.04092372674291
3.359375 1.04915999634724
3.3671875 1.05741740258008
3.375 1.06569588894029
3.3828125 1.07399539922534
3.390625 1.08231587752902
3.3984375 1.09065726823908
3.40625 1.09901951603493
3.4140625 1.10740256588539
3.421875 1.11580636304647
3.4296875 1.12423085305909
3.4375 1.1326759817469
3.4453125 1.14114169521412
3.453125 1.14962793984337
3.4609375 1.15813466229353
3.46875 1.16666180949764
3.4765625 1.17520932866078
3.484375 1.18377716725804
3.4921875 1.19236527303246
3.5 1.20097359399295
3.5078125 1.20960207841237
3.515625 1.21825067482545
3.5234375 1.2269193320269
3.53125 1.23560799906941
3.5390625 1.24431662526171
3.546875 1.25304516016673
3.5546875 1.26179355359962
3.5625 1.27056175562595
3.5703125 1.27934971655977
3.578125 1.2881573869619
3.5859375 1.29698471763797
3.59375 1.3058316596367
3.6015625 1.31469816424811
3.609375 1.32358418300175
3.6171875 1.33248966766491
3.625 1.34141457024097
3.6328125 1.35035884296758
3.640625 1.35932243831504
3.6484375 1.3683053089846
3.65625 1.37730740790677
3.6640625 1.38632868823969
3.671875 1.39536910336748
3.6796875 1.40442860689863
3.6875 1.41350715266439
3.6953125 1.42260469471719
3.703125 1.43172118732906
3.7109375 1.44085658499005
3.71875 1.45001084240671
3.7265625 1.45918391450057
3.734375 1.46837575640659
3.7421875 1.47758632347167
3.75 1.48681557125318
3.7578125 1.49606345551745
3.765625 1.50532993223837
3.7734375 1.51461495759586
3.78125 1.5239184879745
3.7890625 1.53324047996208
3.796875 1.54258089034822
3.8046875 1.55193967612294
3.8125 1.56131679447529
3.8203125 1.57071220279198
3.828125 1.58012585865606
3.8359375 1.58955771984552
3.84375 1.59900774433197
3.8515625 1.60847589027934
3.859375 1.61796211604258
3.8671875 1.62746638016632
3.875 1.63698864138361
3.8828125 1.64652885861466
3.890625 1.65608699096556
3.8984375 1.66566299772701
3.90625 1.67525683837315
3.9140625 1.68486847256024
3.921875 1.6944978601255
3.9296875 1.7041449610859
3.9375 1.71380973563693
3.9453125 1.72349214415146
3.953125 1.73319214717853
3.9609375 1.74290970544218
3.96875 1.75264477984034
3.9765625 1.76239733144364
3.984375 1.77216732149429
3.9921875 1.78195471140495
4 1.79175945829296
4.0078125 1.80158153285991
4.015625 1.81142089253637
4.0234375 1.82127749940578
4.03125 1.83115131571653
4.0390625 1.84104230388094
4.046875 1.85095042647417
4.0546875 1.86087564623316
4.0625 1.87081792605563
4.0703125 1.88077722899901
4.078125 1.89075351827944
4.0859375 1.90074675727072
4.09375 1.91075690950337
4.1015625 1.92078393866356
4.109375 1.93082780859217
4.1171875 1.94088848328378
4.125 1.95096592688571
4.1328125 1.96106010369708
4.140625 1.97117097816779
4.1484375 1.98129851489764
4.15625 1.99144267863535
4.1640625 2.00160343427762
4.171875 2.01178074686825
4.1796875 2.02197458159717
4.1875 2.03218490379959
4.1953125 2.04241167895503
4.203125 2.05265487268644
4.2109375 2.0629144507594
4.21875 2.07319037908109
4.2265625 2.08348262369955
4.234375 2.09379115080274
4.2421875 2.1041159267177
4.25 2.11445691790972
4.2578125 2.12481409098145
4.265625 2.1351874126721
4.2734375 2.1455768498566
4.28125 2.15598236954475
4.2890625 2.16640393888045
4.296875 2.17684152514083
4.3046875 2.18729509573552
4.3125 2.19776461820576
4.3203125 2.20825006022369
4.328125 2.21875138959152
4.3359375 2.22926857424075
4.34375 2.23980158223141
4.3515625 2.25035038175131
4.359375 2.26091494111523
4.3671875 2.27149522876421
4.375 2.28209121326478
4.3828125 2.29270286330822
4.390625 2.30333014770981
4.3984375 2.31397303540815
4.40625 2.32463149546435
4.4140625 2.33530549706137
4.421875 2.3459950095033
4.4296875 2.35670000221464
4.4375 2.36742044473959
4.4453125 2.37815630674135
4.453125 2.38890755800145
4.4609375 2.39967416841905
4.46875 2.41045610801025
4.4765625 2.4212533469074
4.484375 2.43206585535849
4.4921875 2.44289360372641
4.5 2.45373656248832
4.5078125 2.46459470223501
4.515625 2.4754679936702
4.5234375 2.48635640760997
4.53125 2.49725991498202
4.5390625 2.50817848682513
4.546875 2.51911209428846
4.5546875 2.53006070863096
4.5625 2.54102430122072
4.5703125 2.55200284353436
4.578125 2.56299630715647
4.5859375 2.5740046637789
4.59375 2.58502788520022
4.6015625 2.59606594332514
4.609375 2.60711881016387
4.6171875 2.61818645783153
4.625 2.62926885854761
4.6328125 2.64036598463531
4.640625 2.65147780852107
4.6484375 2.66260430273388
4.65625 2.6737454399048
4.6640625 2.68490119276635
4.671875 2.69607153415196
4.6796875 2.70725643699543
4.6875 2.71845587433033
4.6953125 2.72966981928951
4.703125 2.74089824510452
4.7109375 2.75214112510507
4.71875 2.76339843271851
4.7265625 2.77467014146929
4.734375 2.78595622497843
4.7421875 2.79725665696297
4.75 2.8085714112355
4.7578125 2.8199004617036
4.765625 2.83124378236935
4.7734375 2.84260134732882
4.78125 2.85397313077151
4.7890625 2.86535910697995
4.796875 2.8767592503291
4.8046875 2.88817353528591
4.8125 2.89960193640882
4.8203125 2.91104442834724
4.828125 2.92250098584112
4.8359375 2.93397158372042
4.84375 2.94545619690466
4.8515625 2.95695480040242
4.859375 2.96846736931089
4.8671875 2.9799938788154
4.875 2.99153430418892
4.8828125 3.00308862079167
4.890625 3.01465680407059
4.8984375 3.02623882955891
4.90625 3.03783467287573
4.9140625 3.04944430972549
4.921875 3.06106771589761
4.9296875 3.07270486726602
4.9375 3.08435573978868
4.9453125 3.0960203095072
4.953125 3.10769855254638
4.9609375 3.11939044511375
4.96875 3.13109596349921
4.9765625 3.14281508407455
4.984375 3.15454778329305
4.9921875 3.16629403768904
5 3.17805381941285
