0.5 4.8661825538661
0.515625 4.86351463170585
0.53125 4.8608467095456
0.546875 4.85817878738536
0.5625 4.85551086522511
0.578125 4.85284294306486
0.59375 4.85017502090461
0.609375 4.84750709874437
0.625 4.84483917658412
0.640625 4.84217125442387
0.65625 4.83950333226362
0.671875 4.83683541010338
0.6875 4.83416748794313
0.703125 4.83149956578288
0.71875 4.82883164362263
0.734375 4.82616372146239
0.75 4.82349579930214
0.765625 4.82082787714189
0.78125 4.81815995498164
0.796875 4.81549203282139
0.8125 4.81282411066115
0.828125 4.8101561885009
0.84375 4.80748826634065
0.859375 4.8048203441804
0.875 4.80215242202016
0.890625 4.79948449985991
0.90625 4.79681657769966
0.921875 4.79414865553941
0.9375 4.79148073337917
0.953125 4.78881281121892
0.96875 4.78614488905867
0.984375 4.78347696689842
1 4.78080904473817
1.015625 4.77814112257793
1.03125 4.77547320041768
1.046875 4.77280527825743
1.0625 4.77013735609718
1.078125 4.76746943393694
1.09375 4.76480151177669
1.109375 4.76213358961644
1.125 4.75946566745619
1.140625 4.75679774529595
1.15625 4.7541298231357
1.171875 4.75146190097545
1.1875 4.7487939788152
1.203125 4.74612605665496
1.21875 4.74345813449471
1.234375 4.74079021233446
1.25 4.73812229017421
1.265625 4.73545436801396
1.28125 4.73278644585372
1.296875 4.73011852369347
1.3125 4.72745060153322
1.328125 4.72478267937297
1.34375 4.72211475721273
1.359375 4.71944683505248
1.375 4.71677891289223
1.390625 4.71411099073198
1.40625 4.71144306857174
1.421875 4.70877514641149
1.4375 4.70610722425124
1.453125 4.70343930209099
1.46875 4.70077137993075
1.484375 4.6981034577705
1.5 4.69543553561025
1.515625 4.69276761345
1.53125 4.69009969128975
1.546875 4.68743176912951
1.5625 4.68476384696926
1.578125 4.68209592480901
1.59375 4.67942800264876
1.609375 4.67676008048852
1.625 4.67409215832827
1.640625 4.67142423616802
1.65625 4.66875631400777
1.671875 4.66608839184753
1.6875 4.66342046968728
1.703125 4.66075254752703
1.71875 4.65808462536678
1.734375 4.65541670320653
1.75 4.65274878104629
1.765625 4.65008085888604
1.78125 4.64741293672579
1.796875 4.64474501456554
1.8125 4.6420770924053
1.828125 4.63940917024505
1.84375 4.6367412480848
1.859375 4.63407332592455
1.875 4.63140540376431
1.890625 4.62873748160406
1.90625 4.62606955944381
1.921875 4.62340163728356
1.9375 4.62073371512332
1.953125 4.61806579296307
1.96875 4.61539787080282
1.984375 4.61272994864257
2 4.61006202648232
2.015625 4.60739410432208
2.03125 4.60472618216183
2.046875 4.60205826000158
2.0625 4.59939033784133
2.078125 4.59672241568109
2.09375 4.59405449352084
2.109375 4.59138657136059
2.125 4.58871864920034
2.140625 4.5860507270401
2.15625 4.58338280487985
2.171875 4.5807148827196
2.1875 4.57804696055935
2.203125 4.57537903839911
2.21875 4.57271111623886
2.234375 4.57004319407861
2.25 4.56737527191836
2.265625 4.56470734975811
2.28125 4.56203942759787
2.296875 4.55937150543762
2.3125 4.55670358327737
2.328125 4.55403566111712
2.34375 4.55136773895688
2.359375 4.54869981679663
2.375 4.54603189463638
2.390625 4.54336397247613
2.40625 4.54069605031589
2.421875 4.53802812815564
2.4375 4.53536020599539
2.453125 4.53269228383514
2.46875 4.53002436167489
2.484375 4.52735643951465
2.5 4.5246885173544
2.515625 4.52202059519415
2.53125 4.5193526730339
2.546875 4.51668475087366
2.5625 4.51401682871341
2.578125 4.51134890655316
2.59375 4.50868098439291
2.609375 4.50601306223267
2.625 4.50334514007242
2.640625 4.50067721791217
2.65625 4.49800929575192
2.671875 4.49534137359168
2.6875 4.49267345143143
2.703125 4.49000552927118
2.71875 4.48733760711093
2.734375 4.48466968495068
2.75 4.48200176279044
2.765625 4.47933384063019
2.78125 4.47666591846994
2.796875 4.47399799630969
2.8125 4.47133007414945
2.828125 4.4686621519892
2.84375 4.46599422982895
2.859375 4.4633263076687
2.875 4.46065838550846
2.890625 4.45799046334821
2.90625 4.45532254118796
2.921875 4.45265461902771
2.9375 4.44998669686747
2.953125 4.44731877470722
2.96875 4.44465085254697
2.984375 4.44198293038672
3 4.43931500822647
3.015625 4.43664708606623
3.03125 4.43397916390598
3.046875 4.43131124174573
3.0625 4.42864331958548
3.078125 4.42597539742524
3.09375 4.42330747526499
3.109375 4.42063955310474
3.125 4.41797163094449
3.140625 4.41530370878425
3.15625 4.412635786624
3.171875 4.40996786446375
3.1875 4.4072999423035
3.203125 4.40463202014325
3.21875 4.40196409798301
3.234375 4.39929617582276
3.25 4.39662825366251
3.265625 4.39396033150226
3.28125 4.39129240934202
3.296875 4.38862448718177
3.3125 4.38595656502152
3.328125 4.38328864286127
3.34375 4.38062072070103
3.359375 4.37795279854078
3.375 4.37528487638053
3.390625 4.37261695422028
3.40625 4.36994903206004
3.421875 4.36728110989979
3.4375 4.36461318773954
3.453125 4.36194526557929
3.46875 4.35927734341904
3.484375 4.3566094212588
3.5 4.35394149909855
3.515625 4.3512735769383
3.53125 4.34860565477805
3.546875 4.34593773261781
3.5625 4.34326981045756
3.578125 4.34060188829731
3.59375 4.33793396613706
3.609375 4.33526604397682
3.625 4.33259812181657
3.640625 4.32993019965632
3.65625 4.32726227749607
3.671875 4.32459435533583
3.6875 4.32192643317558
3.703125 4.31925851101533
3.71875 4.31659058885508
3.734375 4.31392266669483
3.75 4.31125474453459
3.765625 4.30858682237434
3.78125 4.30591890021409
3.796875 4.30325097805384
3.8125 4.3005830558936
3.828125 4.29791513373335
3.84375 4.2952472115731
3.859375 4.29257928941285
3.875 4.28991136725261
3.890625 4.28724344509236
3.90625 4.28457552293211
3.921875 4.28190760077186
3.9375 4.27923967861161
3.953125 4.27657175645137
3.96875 4.27390383429112
3.984375 4.27123591213087
4 4.26856798997062
4.015625 4.26590006781038
4.03125 4.26323214565013
4.046875 4.26056422348988
4.0625 4.25789630132963
4.078125 4.25522837916939
4.09375 4.25256045700914
4.109375 4.24989253484889
4.125 4.24722461268864
4.140625 4.2445566905284
4.15625 4.24188876836815
4.171875 4.2392208462079
4.1875 4.23655292404765
4.203125 4.2338850018874
4.21875 4.23121707972716
4.234375 4.22854915756691
4.25 4.22588123540666
4.265625 4.22321331324641
4.28125 4.22054539108617
4.296875 4.21787746892592
4.3125 4.21520954676567
4.328125 4.21254162460542
4.34375 4.20987370244518
4.359375 4.20720578028493
4.375 4.20453785812468
4.390625 4.20186993596443
4.40625 4.19920201380419
4.421875 4.19653409164394
4.4375 4.19386616948369
4.453125 4.19119824732344
4.46875 4.18853032516319
4.484375 4.18586240300295
4.5 4.1831944808427
4.515625 4.18052655868245
4.53125 4.1778586365222
4.546875 4.17519071436196
4.5625 4.17252279220171
4.578125 4.16985487004146
4.59375 4.16718694788121
4.609375 4.16451902572097
4.625 4.16185110356072
4.640625 4.15918318140047
4.65625 4.15651525924022
4.671875 4.15384733707997
4.6875 4.15117941491973
4.703125 4.14851149275948
4.71875 4.14584357059923
4.734375 4.14317564843898
4.75 4.14050772627874
4.765625 4.13783980411849
4.78125 4.13517188195824
4.796875 4.13250395979799
4.8125 4.12983603763775
4.828125 4.1271681154775
4.84375 4.12450019331725
4.859375 4.121832271157
4.875 4.11916434899676
4.890625 4.11649642683651
4.90625 4.11382850467626
4.921875 4.11116058251601
4.9375 4.10849266035576
4.953125 4.10582473819552
4.96875 4.10315681603527
4.984375 4.10048889387502
5 4.09782097171477
5.015625 4.09515304955453
5.03125 4.09248512739428
5.046875 4.08981720523403
5.0625 4.08714928307378
5.078125 4.08448136091354
5.09375 4.08181343875329
5.109375 4.07914551659304
5.125 4.07647759443279
5.140625 4.07380967227254
5.15625 4.0711417501123
5.171875 4.06847382795205
5.1875 4.0658059057918
5.203125 4.06313798363155
5.21875 4.06047006147131
5.234375 4.05780213931106
5.25 4.05513421715081
5.265625 4.05246629499056
5.28125 4.04979837283032
5.296875 4.04713045067007
5.3125 4.04446252850982
5.328125 4.04179460634957
5.34375 4.03912668418933
5.359375 4.03645876202908
5.375 4.03379083986883
5.390625 4.03112291770858
5.40625 4.02845499554833
5.421875 4.02578707338809
5.4375 4.02311915122784
5.453125 4.02045122906759
5.46875 4.01778330690734
5.484375 4.0151153847471
5.5 4.01244746258685
5.515625 4.0097795404266
5.53125 4.00711161826635
5.546875 4.00444369610611
5.5625 4.00177577394586
5.578125 3.99910785178561
5.59375 3.99643992962536
5.609375 3.99377200746512
5.625 3.99110408530487
5.640625 3.98843616314462
5.65625 3.98576824098437
5.671875 3.98310031882412
5.6875 3.98043239666388
5.703125 3.97776447450363
5.71875 3.97509655234338
5.734375 3.97242863018313
5.75 3.96976070802289
5.765625 3.96709278586264
5.78125 3.96442486370239
5.796875 3.96175694154214
5.8125 3.9590890193819
5.828125 3.95642109722165
5.84375 3.9537531750614
5.859375 3.95108525290115
5.875 3.9484173307409
5.890625 3.94574940858066
5.90625 3.94308148642041
5.921875 3.94041356426016
5.9375 3.93774564209991
5.953125 3.93507771993967
5.96875 3.93240979777942
5.984375 3.92974187561917
6 3.92707395345892
6.015625 3.92440603129868
6.03125 3.92173810913843
6.046875 3.91907018697818
6.0625 3.91640226481793
6.078125 3.91373434265769
6.09375 3.91106642049744
6.109375 3.90839849833719
6.125 3.90573057617694
6.140625 3.90306265401669
6.15625 3.90039473185645
6.171875 3.8977268096962
6.1875 3.89505888753595
6.203125 3.8923909653757
6.21875 3.88972304321546
6.234375 3.88705512105521
6.25 3.88438719889496
6.265625 3.88171927673471
6.28125 3.87905135457447
6.296875 3.87638343241422
6.3125 3.87371551025397
6.328125 3.87104758809372
6.34375 3.86837966593348
6.359375 3.86571174377323
6.375 3.86304382161298
6.390625 3.86037589945273
6.40625 3.85770797729248
6.421875 3.85504005513224
6.4375 3.85237213297199
6.453125 3.84970421081174
6.46875 3.84703628865149
6.484375 3.84436836649125
6.5 3.841700444331
6.515625 3.83903252217075
6.53125 3.8363646000105
6.546875 3.83369667785026
6.5625 3.83102875569001
6.578125 3.82836083352976
6.59375 3.82569291136951
6.609375 3.82302498920926
6.625 3.82035706704902
6.640625 3.81768914488877
6.65625 3.81502122272852
6.671875 3.81235330056827
6.6875 3.80968537840803
6.703125 3.80701745624778
6.71875 3.80434953408753
6.734375 3.80168161192728
6.75 3.79901368976704
6.765625 3.79634576760679
6.78125 3.79367784544654
6.796875 3.79100992328629
6.8125 3.78834200112605
6.828125 3.7856740789658
6.84375 3.78300615680555
6.859375 3.7803382346453
6.875 3.77767031248505
6.890625 3.77500239032481
6.90625 3.77233446816456
6.921875 3.76966654600431
6.9375 3.76699862384406
6.953125 3.76433070168382
6.96875 3.76166277952357
6.984375 3.75899485736332
7 3.75632693520307
7.015625 3.75365901304283
7.03125 3.75099109088258
7.046875 3.74832316872233
7.0625 3.74565524656208
7.078125 3.74298732440184
7.09375 3.74031940224159
7.109375 3.73765148008134
7.125 3.73498355792109
7.140625 3.73231563576084
7.15625 3.7296477136006
7.171875 3.72697979144035
7.1875 3.7243118692801
7.203125 3.72164394711985
7.21875 3.71897602495961
7.234375 3.71630810279936
7.25 3.71364018063911
7.265625 3.71097225847886
7.28125 3.70830433631862
7.296875 3.70563641415837
7.3125 3.70296849199812
7.328125 3.70030056983787
7.34375 3.69763264767762
7.359375 3.69496472551738
7.375 3.69229680335713
7.390625 3.68962888119688
7.40625 3.68696095903663
7.421875 3.68429303687639
7.4375 3.68162511471614
7.453125 3.67895719255589
7.46875 3.67628927039564
7.484375 3.6736213482354
7.5 3.67095342607515
7.515625 3.6682855039149
7.53125 3.66561758175465
7.546875 3.66294965959441
7.5625 3.66028173743416
7.578125 3.65761381527391
7.59375 3.65494589311366
7.609375 3.65227797095341
7.625 3.64961004879317
7.640625 3.64694212663292
7.65625 3.64427420447267
7.671875 3.64160628231242
7.6875 3.63893836015218
7.703125 3.63627043799193
7.71875 3.63360251583168
7.734375 3.63093459367143
7.75 3.62826667151119
7.765625 3.62559874935094
7.78125 3.62293082719069
7.796875 3.62026290503044
7.8125 3.61759498287019
7.828125 3.61492706070995
7.84375 3.6122591385497
7.859375 3.60959121638945
7.875 3.6069232942292
7.890625 3.60425537206896
7.90625 3.60158744990871
7.921875 3.59891952774846
7.9375 3.59625160558821
7.953125 3.59358368342797
7.96875 3.59091576126772
7.984375 3.58824783910747
8 3.58557991694722
8.015625 3.58291199478698
8.03125 3.58024407262673
8.046875 3.57757615046648
8.0625 3.57490822830623
8.078125 3.57224030614598
8.09375 3.56957238398574
8.109375 3.56690446182549
8.125 3.56423653966524
8.140625 3.56156861750499
8.15625 3.55890069534475
8.171875 3.5562327731845
8.1875 3.55356485102425
8.203125 3.550896928864
8.21875 3.54822900670376
8.234375 3.54556108454351
8.25 3.54289316238326
8.265625 3.54022524022301
8.28125 3.53755731806277
8.296875 3.53488939590252
8.3125 3.53222147374227
8.328125 3.52955355158202
8.34375 3.52688562942177
8.359375 3.52421770726153
8.375 3.52154978510128
8.390625 3.51888186294103
8.40625 3.51621394078078
8.421875 3.51354601862054
8.4375 3.51087809646029
8.453125 3.50821017430004
8.46875 3.50554225213979
8.484375 3.50287432997955
8.5 3.5002064078193
8.515625 3.49753848565905
8.53125 3.4948705634988
8.546875 3.49220264133855
8.5625 3.48953471917831
8.578125 3.48686679701806
8.59375 3.48419887485781
8.609375 3.48153095269756
8.625 3.47886303053732
8.640625 3.47619510837707
8.65625 3.47352718621682
8.671875 3.47085926405657
8.6875 3.46819134189633
8.703125 3.46552341973608
8.71875 3.46285549757583
8.734375 3.46018757541558
8.75 3.45751965325534
8.765625 3.45485173109509
8.78125 3.45218380893484
8.796875 3.44951588677459
8.8125 3.44684796461434
8.828125 3.4441800424541
8.84375 3.44151212029385
8.859375 3.4388441981336
8.875 3.43617627597335
8.890625 3.43350835381311
8.90625 3.43084043165286
8.921875 3.42817250949261
8.9375 3.42550458733236
8.953125 3.42283666517212
8.96875 3.42016874301187
8.984375 3.41750082085162
9 3.41483289869137
9.015625 3.41216497653113
9.03125 3.40949705437088
9.046875 3.40682913221063
9.0625 3.40416121005038
9.078125 3.40149328789013
9.09375 3.39882536572989
9.109375 3.39615744356964
9.125 3.39348952140939
9.140625 3.39082159924914
9.15625 3.3881536770889
9.171875 3.38548575492865
9.1875 3.3828178327684
9.203125 3.38014991060815
9.21875 3.37748198844791
9.234375 3.37481406628766
9.25 3.37214614412741
9.265625 3.36947822196716
9.28125 3.36681029980691
9.296875 3.36414237764667
9.3125 3.36147445548642
9.328125 3.35880653332617
9.34375 3.35613861116592
9.359375 3.35347068900568
9.375 3.35080276684543
9.390625 3.34813484468518
9.40625 3.34546692252493
9.421875 3.34279900036469
9.4375 3.34013107820444
9.453125 3.33746315604419
9.46875 3.33479523388394
9.484375 3.3321273117237
9.5 3.32945938956345
9.515625 3.3267914674032
9.53125 3.32412354524295
9.546875 3.3214556230827
9.5625 3.31878770092246
9.578125 3.31611977876221
9.59375 3.31345185660196
9.609375 3.31078393444171
9.625 3.30811601228147
9.640625 3.30544809012122
9.65625 3.30278016796097
9.671875 3.30011224580072
9.6875 3.29744432364048
9.703125 3.29477640148023
9.71875 3.29210847931998
9.734375 3.28944055715973
9.75 3.28677263499949
9.765625 3.28410471283924
9.78125 3.28143679067899
9.796875 3.27876886851874
9.8125 3.27610094635849
9.828125 3.27343302419825
9.84375 3.270765102038
9.859375 3.26809717987775
9.875 3.2654292577175
9.890625 3.26276133555726
9.90625 3.26009341339701
9.921875 3.25742549123676
9.9375 3.25475756907651
9.953125 3.25208964691627
9.96875 3.24942172475602
9.984375 3.24675380259577
10 3.24408588043552
10.015625 3.24141795827527
10.03125 3.23875003611503
10.046875 3.23608211395478
10.0625 3.23341419179453
10.078125 3.23074626963428
10.09375 3.22807834747404
10.109375 3.22541042531379
10.125 3.22274250315354
10.140625 3.22007458099329
10.15625 3.21740665883305
10.171875 3.2147387366728
10.1875 3.21207081451255
10.203125 3.2094028923523
10.21875 3.20673497019206
10.234375 3.20406704803181
10.25 3.20139912587156
10.265625 3.19873120371131
10.28125 3.19606328155106
10.296875 3.19339535939082
10.3125 3.19072743723057
10.328125 3.18805951507032
10.34375 3.18539159291007
10.359375 3.18272367074983
10.375 3.18005574858958
10.390625 3.17738782642933
10.40625 3.17471990426908
10.421875 3.17205198210884
10.4375 3.16938405994859
10.453125 3.16671613778834
10.46875 3.16404821562809
10.484375 3.16138029346784
10.5 3.1587123713076
10.515625 3.15604444914735
10.53125 3.1533765269871
10.546875 3.15070860482685
10.5625 3.14804068266661
10.578125 3.14537276050636
10.59375 3.14270483834611
10.609375 3.14003691618586
10.625 3.13736899402562
10.640625 3.13470107186537
10.65625 3.13203314970512
10.671875 3.12936522754487
10.6875 3.12669730538463
10.703125 3.12402938322438
10.71875 3.12136146106413
10.734375 3.11869353890388
10.75 3.11602561674363
10.765625 3.11335769458339
10.78125 3.11068977242314
10.796875 3.10802185026289
10.8125 3.10535392810264
10.828125 3.1026860059424
10.84375 3.10001808378215
10.859375 3.0973501616219
10.875 3.09468223946165
10.890625 3.09201431730141
10.90625 3.08934639514116
10.921875 3.08667847298091
10.9375 3.08401055082066
10.953125 3.08134262866042
10.96875 3.07867470650017
10.984375 3.07600678433992
11 3.07333886217967
11.015625 3.07067094001942
11.03125 3.06800301785918
11.046875 3.06533509569893
11.0625 3.06266717353868
11.078125 3.05999925137843
11.09375 3.05733132921819
11.109375 3.05466340705794
11.125 3.05199548489769
11.140625 3.04932756273744
11.15625 3.0466596405772
11.171875 3.04399171841695
11.1875 3.0413237962567
11.203125 3.03865587409645
11.21875 3.0359879519362
11.234375 3.03332002977596
11.25 3.03065210761571
11.265625 3.02798418545546
11.28125 3.02531626329521
11.296875 3.02264834113497
11.3125 3.01998041897472
11.328125 3.01731249681447
11.34375 3.01464457465422
11.359375 3.01197665249398
11.375 3.00930873033373
11.390625 3.00664080817348
11.40625 3.00397288601323
11.421875 3.00130496385299
11.4375 2.99863704169274
11.453125 2.99596911953249
11.46875 2.99330119737224
11.484375 2.99063327521199
11.5 2.98796535305175
11.515625 2.9852974308915
11.53125 2.98262950873125
11.546875 2.979961586571
11.5625 2.97729366441076
11.578125 2.97462574225051
11.59375 2.97195782009026
11.609375 2.96928989793001
11.625 2.96662197576977
11.640625 2.96395405360952
11.65625 2.96128613144927
11.671875 2.95861820928902
11.6875 2.95595028712878
11.703125 2.95328236496853
11.71875 2.95061444280828
11.734375 2.94794652064803
11.75 2.94527859848778
11.765625 2.94261067632754
11.78125 2.93994275416729
11.796875 2.93727483200704
11.8125 2.93460690984679
11.828125 2.93193898768655
11.84375 2.9292710655263
11.859375 2.92660314336605
11.875 2.9239352212058
11.890625 2.92126729904556
11.90625 2.91859937688531
11.921875 2.91593145472506
11.9375 2.91326353256481
11.953125 2.91059561040456
11.96875 2.90792768824432
11.984375 2.90525976608407
12 2.90259184392382
12.015625 2.89992392176357
12.03125 2.89725599960333
12.046875 2.89458807744308
12.0625 2.89192015528283
12.078125 2.88925223312258
12.09375 2.88658431096234
12.109375 2.88391638880209
12.125 2.88124846664184
12.140625 2.87858054448159
12.15625 2.87591262232135
12.171875 2.8732447001611
12.1875 2.87057677800085
12.203125 2.8679088558406
12.21875 2.86524093368035
12.234375 2.86257301152011
12.25 2.85990508935986
12.265625 2.85723716719961
12.28125 2.85456924503936
12.296875 2.85190132287912
12.3125 2.84923340071887
12.328125 2.84656547855862
12.34375 2.84389755639837
12.359375 2.84122963423813
12.375 2.83856171207788
12.390625 2.83589378991763
12.40625 2.83322586775738
12.421875 2.83055794559714
12.4375 2.82789002343689
12.453125 2.82522210127664
12.46875 2.82255417911639
12.484375 2.81988625695614
12.5 2.8172183347959
12.515625 2.81455041263565
12.53125 2.8118824904754
12.546875 2.80921456831515
12.5625 2.80654664615491
12.578125 2.80387872399466
12.59375 2.80121080183441
12.609375 2.79854287967416
12.625 2.79587495751392
12.640625 2.79320703535367
12.65625 2.79053911319342
12.671875 2.78787119103317
12.6875 2.78520326887292
12.703125 2.78253534671268
12.71875 2.77986742455243
12.734375 2.77719950239218
12.75 2.77453158023193
12.765625 2.77186365807169
12.78125 2.76919573591144
12.796875 2.76652781375119
12.8125 2.76385989159094
12.828125 2.7611919694307
12.84375 2.75852404727045
12.859375 2.7558561251102
12.875 2.75318820294995
12.890625 2.75052028078971
12.90625 2.74785235862946
12.921875 2.74518443646921
12.9375 2.74251651430896
12.953125 2.73984859214871
12.96875 2.73718066998847
12.984375 2.73451274782822
13 2.73184482566797
13.015625 2.72917690350772
13.03125 2.72650898134748
13.046875 2.72384105918723
13.0625 2.72117313702698
13.078125 2.71850521486673
13.09375 2.71583729270649
13.109375 2.71316937054624
13.125 2.71050144838599
13.140625 2.70783352622574
13.15625 2.70516560406549
13.171875 2.70249768190525
13.1875 2.699829759745
13.203125 2.69716183758475
13.21875 2.6944939154245
13.234375 2.69182599326426
13.25 2.68915807110401
13.265625 2.68649014894376
13.28125 2.68382222678351
13.296875 2.68115430462327
13.3125 2.67848638246302
13.328125 2.67581846030277
13.34375 2.67315053814252
13.359375 2.67048261598228
13.375 2.66781469382203
13.390625 2.66514677166178
13.40625 2.66247884950153
13.421875 2.65981092734128
13.4375 2.65714300518104
13.453125 2.65447508302079
13.46875 2.65180716086054
13.484375 2.64913923870029
13.5 2.64647131654005
13.515625 2.6438033943798
13.53125 2.64113547221955
13.546875 2.6384675500593
13.5625 2.63579962789906
13.578125 2.63313170573881
13.59375 2.63046378357856
13.609375 2.62779586141831
13.625 2.62512793925807
13.640625 2.62246001709782
13.65625 2.61979209493757
13.671875 2.61712417277732
13.6875 2.61445625061707
13.703125 2.61178832845683
13.71875 2.60912040629658
13.734375 2.60645248413633
13.75 2.60378456197608
13.765625 2.60111663981584
13.78125 2.59844871765559
13.796875 2.59578079549534
13.8125 2.59311287333509
13.828125 2.59044495117485
13.84375 2.5877770290146
13.859375 2.58510910685435
13.875 2.5824411846941
13.890625 2.57977326253385
13.90625 2.57710534037361
13.921875 2.57443741821336
13.9375 2.57176949605311
13.953125 2.56910157389286
13.96875 2.56643365173262
13.984375 2.56376572957237
14 2.56109780741212
14.015625 2.55842988525187
14.03125 2.55576196309163
14.046875 2.55309404093138
14.0625 2.55042611877113
14.078125 2.54775819661088
14.09375 2.54509027445064
14.109375 2.54242235229039
14.125 2.53975443013014
14.140625 2.53708650796989
14.15625 2.53441858580964
14.171875 2.5317506636494
14.1875 2.52908274148915
14.203125 2.5264148193289
14.21875 2.52374689716865
14.234375 2.52107897500841
14.25 2.51841105284816
14.265625 2.51574313068791
14.28125 2.51307520852766
14.296875 2.51040728636742
14.3125 2.50773936420717
14.328125 2.50507144204692
14.34375 2.50240351988667
14.359375 2.49973559772643
14.375 2.49706767556618
14.390625 2.49439975340593
14.40625 2.49173183124568
14.421875 2.48906390908543
14.4375 2.48639598692519
14.453125 2.48372806476494
14.46875 2.48106014260469
14.484375 2.47839222044444
14.5 2.4757242982842
14.515625 2.47305637612395
14.53125 2.4703884539637
14.546875 2.46772053180345
14.5625 2.46505260964321
14.578125 2.46238468748296
14.59375 2.45971676532271
14.609375 2.45704884316246
14.625 2.45438092100221
14.640625 2.45171299884197
14.65625 2.44904507668172
14.671875 2.44637715452147
14.6875 2.44370923236122
14.703125 2.44104131020098
14.71875 2.43837338804073
14.734375 2.43570546588048
14.75 2.43303754372023
14.765625 2.43036962155999
14.78125 2.42770169939974
14.796875 2.42503377723949
14.8125 2.42236585507924
14.828125 2.419697932919
14.84375 2.41703001075875
14.859375 2.4143620885985
14.875 2.41169416643825
14.890625 2.409026244278
14.90625 2.40635832211776
14.921875 2.40369039995751
14.9375 2.40102247779726
14.953125 2.39835455563701
14.96875 2.39568663347677
14.984375 2.39301871131652
15 2.39035078915627
15.015625 2.38768286699602
15.03125 2.38501494483578
15.046875 2.38234702267553
15.0625 2.37967910051528
15.078125 2.37701117835503
15.09375 2.37434325619479
15.109375 2.37167533403454
15.125 2.36900741187429
15.140625 2.36633948971404
15.15625 2.36367156755379
15.171875 2.36100364539355
15.1875 2.3583357232333
15.203125 2.35566780107305
15.21875 2.3529998789128
15.234375 2.35033195675256
15.25 2.34766403459231
15.265625 2.34499611243206
15.28125 2.34232819027181
15.296875 2.33966026811157
15.3125 2.33699234595132
15.328125 2.33432442379107
15.34375 2.33165650163082
15.359375 2.32898857947057
15.375 2.32632065731033
15.390625 2.32365273515008
15.40625 2.32098481298983
15.421875 2.31831689082958
15.4375 2.31564896866934
15.453125 2.31298104650909
15.46875 2.31031312434884
15.484375 2.30764520218859
