0.5 2.20700537239337
0.515625 2.20080140783351
0.53125 2.19459744327364
0.546875 2.18839347871377
0.5625 2.1821895141539
0.578125 2.17598554959404
0.59375 2.16978158503417
0.609375 2.1635776204743
0.625 2.15737365591443
0.640625 2.15116969135456
0.65625 2.1449657267947
0.671875 2.13876176223483
0.6875 2.13255779767496
0.703125 2.12635383311509
0.71875 2.12014986855522
0.734375 2.11394590399536
0.75 2.10774193943549
0.765625 2.10153797487562
0.78125 2.09533401031575
0.796875 2.08913004575589
0.8125 2.08292608119602
0.828125 2.07672211663615
0.84375 2.07051815207628
0.859375 2.06431418751641
0.875 2.05811022295655
0.890625 2.05190625839668
0.90625 2.04570229383681
0.921875 2.03949832927694
0.9375 2.03329436471707
0.953125 2.02709040015721
0.96875 2.02088643559734
0.984375 2.01468247103747
1 2.0084785064776
1.015625 2.00227454191774
1.03125 1.99607057735787
1.046875 1.989866612798
1.0625 1.98366264823813
1.078125 1.97745868367826
1.09375 1.9712547191184
1.109375 1.96505075455853
1.125 1.95884678999866
1.140625 1.95264282543879
1.15625 1.94643886087893
1.171875 1.94023489631906
1.1875 1.93403093175919
1.203125 1.92782696719932
1.21875 1.92162300263945
1.234375 1.91541903807959
1.25 1.90921507351972
1.265625 1.90301110895985
1.28125 1.89680714439998
1.296875 1.89060317984011
1.3125 1.88439921528025
1.328125 1.87819525072038
1.34375 1.87199128616051
1.359375 1.86578732160064
1.375 1.85958335704078
1.390625 1.85337939248091
1.40625 1.84717542792104
1.421875 1.84097146336117
1.4375 1.8347674988013
1.453125 1.82856353424144
1.46875 1.82235956968157
1.484375 1.8161556051217
1.5 1.80995164056183
1.515625 1.80374767600196
1.53125 1.7975437114421
1.546875 1.79133974688223
1.5625 1.78513578232236
1.578125 1.77893181776249
1.59375 1.77272785320263
1.609375 1.76652388864276
1.625 1.76031992408289
1.640625 1.75411595952302
1.65625 1.74791199496315
1.671875 1.74170803040329
1.6875 1.73550406584342
1.703125 1.72930010128355
1.71875 1.72309613672368
1.734375 1.71689217216381
1.75 1.71068820760395
1.765625 1.70448424304408
1.78125 1.69828027848421
1.796875 1.69207631392434
1.8125 1.68587234936448
1.828125 1.67966838480461
1.84375 1.67346442024474
1.859375 1.66726045568487
1.875 1.661056491125
1.890625 1.65485252656514
1.90625 1.64864856200527
1.921875 1.6424445974454
1.9375 1.63624063288553
1.953125 1.63003666832566
1.96875 1.6238327037658
1.984375 1.61762873920593
2 1.61142477464606
2.015625 1.60522081008619
2.03125 1.59901684552633
2.046875 1.59281288096646
2.0625 1.58660891640659
2.078125 1.58040495184672
2.09375 1.57420098728685
2.109375 1.56799702272699
2.125 1.56179305816712
2.140625 1.55558909360725
2.15625 1.54938512904738
2.171875 1.54318116448751
2.1875 1.53697719992765
2.203125 1.53077323536778
2.21875 1.52456927080791
2.234375 1.51836530624804
2.25 1.51216134168818
2.265625 1.50595737712831
2.28125 1.49975341256844
2.296875 1.49354944800857
2.3125 1.4873454834487
2.328125 1.48114151888884
2.34375 1.47493755432897
2.359375 1.4687335897691
2.375 1.46252962520923
2.390625 1.45632566064937
2.40625 1.4501216960895
2.421875 1.44391773152963
2.4375 1.43771376696976
2.453125 1.43150980240989
2.46875 1.42530583785003
2.484375 1.41910187329016
2.5 1.41289790873029
2.515625 1.40669394417042
2.53125 1.40048997961055
2.546875 1.39428601505069
2.5625 1.38808205049082
2.578125 1.38187808593095
2.59375 1.37567412137108
2.609375 1.36947015681122
2.625 1.36326619225135
2.640625 1.35706222769148
2.65625 1.35085826313161
2.671875 1.34465429857174
2.6875 1.33845033401188
2.703125 1.33224636945201
2.71875 1.32604240489214
2.734375 1.31983844033227
2.75 1.3136344757724
2.765625 1.30743051121254
2.78125 1.30122654665267
2.796875 1.2950225820928
2.8125 1.28881861753293
2.828125 1.28261465297307
2.84375 1.2764106884132
2.859375 1.27020672385333
2.875 1.26400275929346
2.890625 1.25779879473359
2.90625 1.25159483017373
2.921875 1.24539086561386
2.9375 1.23918690105399
2.953125 1.23298293649412
2.96875 1.22677897193425
2.984375 1.22057500737439
3 1.21437104281452
3.015625 1.20816707825465
3.03125 1.20196311369478
3.046875 1.19575914913492
3.0625 1.18955518457505
3.078125 1.18335122001518
3.09375 1.17714725545531
3.109375 1.17094329089544
3.125 1.16473932633558
3.140625 1.15853536177571
3.15625 1.15233139721584
3.171875 1.14612743265597
3.1875 1.1399234680961
3.203125 1.13371950353624
3.21875 1.12751553897637
3.234375 1.1213115744165
3.25 1.11510760985663
3.265625 1.10890364529677
3.28125 1.1026996807369
3.296875 1.09649571617703
3.3125 1.09029175161716
3.328125 1.08408778705729
3.34375 1.07788382249743
3.359375 1.07167985793756
3.375 1.06547589337769
3.390625 1.05927192881782
3.40625 1.05306796425796
3.421875 1.04686399969809
3.4375 1.04066003513822
3.453125 1.03445607057835
3.46875 1.02825210601848
3.484375 1.02204814145862
3.5 1.01584417689875
3.515625 1.00964021233888
3.53125 1.00343624777901
3.546875 0.997232283219144
3.5625 0.991028318659277
3.578125 0.984824354099409
3.59375 0.978620389539541
3.609375 0.972416424979673
3.625 0.966212460419805
3.640625 0.960008495859937
3.65625 0.953804531300069
3.671875 0.947600566740202
3.6875 0.941396602180334
3.703125 0.935192637620466
3.71875 0.928988673060598
3.734375 0.92278470850073
3.75 0.916580743940862
3.765625 0.910376779380994
3.78125 0.904172814821127
3.796875 0.897968850261259
3.8125 0.891764885701391
3.828125 0.885560921141523
3.84375 0.879356956581655
3.859375 0.873152992021787
3.875 0.86694902746192
3.890625 0.860745062902052
3.90625 0.854541098342184
3.921875 0.848337133782316
3.9375 0.842133169222448
3.953125 0.83592920466258
3.96875 0.829725240102712
3.984375 0.823521275542845
4 0.817317310982977
4.015625 0.811113346423109
4.03125 0.804909381863241
4.046875 0.798705417303373
4.0625 0.792501452743505
4.078125 0.786297488183638
4.09375 0.78009352362377
4.109375 0.773889559063902
4.125 0.767685594504034
4.140625 0.761481629944166
4.15625 0.755277665384298
4.171875 0.74907370082443
4.1875 0.742869736264563
4.203125 0.736665771704695
4.21875 0.730461807144827
4.234375 0.724257842584959
4.25 0.718053878025091
4.265625 0.711849913465223
4.28125 0.705645948905355
4.296875 0.699441984345488
4.3125 0.69323801978562
4.328125 0.687034055225752
4.34375 0.680830090665884
4.359375 0.674626126106016
4.375 0.668422161546149
4.390625 0.662218196986281
4.40625 0.656014232426413
4.421875 0.649810267866545
4.4375 0.643606303306677
4.453125 0.637402338746809
4.46875 0.631198374186941
4.484375 0.624994409627073
4.5 0.618790445067206
4.515625 0.612586480507338
4.53125 0.60638251594747
4.546875 0.600178551387602
4.5625 0.593974586827734
4.578125 0.587770622267866
4.59375 0.581566657707999
4.609375 0.575362693148131
4.625 0.569158728588263
4.640625 0.562954764028395
4.65625 0.556750799468527
4.671875 0.550546834908659
4.6875 0.544342870348792
4.703125 0.538138905788924
4.71875 0.531934941229056
4.734375 0.525730976669188
4.75 0.51952701210932
4.765625 0.513323047549452
4.78125 0.507119082989584
4.796875 0.500915118429716
4.8125 0.494711153869849
4.828125 0.488507189309981
4.84375 0.482303224750113
4.859375 0.476099260190245
4.875 0.469895295630377
4.890625 0.46369133107051
4.90625 0.457487366510642
4.921875 0.451283401950774
4.9375 0.445079437390906
4.953125 0.438875472831038
4.96875 0.43267150827117
4.984375 0.426467543711302
5 0.420263579151435
5.015625 0.414059614591567
5.03125 0.407855650031699
5.046875 0.401651685471831
5.0625 0.395447720911963
5.078125 0.389243756352095
5.09375 0.383039791792227
5.109375 0.37683582723236
5.125 0.370631862672492
5.140625 0.364427898112624
5.15625 0.358223933552756
5.171875 0.352019968992888
5.1875 0.34581600443302
5.203125 0.339612039873153
5.21875 0.333408075313285
5.234375 0.327204110753417
5.25 0.321000146193549
5.265625 0.314796181633681
5.28125 0.308592217073813
5.296875 0.302388252513945
5.3125 0.296184287954078
5.328125 0.28998032339421
5.34375 0.283776358834342
5.359375 0.277572394274474
5.375 0.271368429714606
5.390625 0.265164465154738
5.40625 0.258960500594871
5.421875 0.252756536035003
5.4375 0.246552571475135
5.453125 0.240348606915267
5.46875 0.234144642355399
5.484375 0.227940677795531
5.5 0.221736713235663
5.515625 0.215532748675796
5.53125 0.209328784115928
5.546875 0.20312481955606
5.5625 0.196920854996192
5.578125 0.190716890436324
5.59375 0.184512925876456
5.609375 0.178308961316588
5.625 0.172104996756721
5.640625 0.165901032196853
5.65625 0.159697067636985
5.671875 0.153493103077117
5.6875 0.147289138517249
5.703125 0.141085173957381
5.71875 0.134881209397514
5.734375 0.128677244837646
5.75 0.122473280277778
5.765625 0.11626931571791
5.78125 0.110065351158042
5.796875 0.103861386598174
5.8125 0.0976574220383064
5.828125 0.0914534574784387
5.84375 0.085249492918571
5.859375 0.0790455283587028
5.875 0.0728415637988351
5.890625 0.0666375992389674
5.90625 0.0604336346790992
5.921875 0.0542296701192315
5.9375 0.0480257055593638
5.953125 0.0418217409994956
5.96875 0.0356177764396279
5.984375 0.0294138118797602
6 0.0232098473198921
6.015625 0.0170058827600243
6.03125 0.0108019182001566
6.046875 0.00459795364028892
6.0625 -0.00160601091957924
6.078125 -0.00780997547944695
6.09375 -0.0140139400393147
6.109375 -0.0202179045991828
6.125 -0.0264218691590505
6.140625 -0.0326258337189183
6.15625 -0.0388297982787864
6.171875 -0.0450337628386541
6.1875 -0.0512377273985218
6.203125 -0.0574416919583896
6.21875 -0.0636456565182577
6.234375 -0.0698496210781254
6.25 -0.0760535856379931
6.265625 -0.0822575501978613
6.28125 -0.088461514757729
6.296875 -0.0946654793175967
6.3125 -0.100869443877465
6.328125 -0.107073408437333
6.34375 -0.1132773729972
6.359375 -0.119481337557068
6.375 -0.125685302116936
6.390625 -0.131889266676804
6.40625 -0.138093231236672
6.421875 -0.14429719579654
6.4375 -0.150501160356407
6.453125 -0.156705124916275
6.46875 -0.162909089476143
6.484375 -0.169113054036011
6.5 -0.175317018595879
6.515625 -0.181520983155746
6.53125 -0.187724947715615
6.546875 -0.193928912275482
6.5625 -0.20013287683535
6.578125 -0.206336841395218
6.59375 -0.212540805955086
6.609375 -0.218744770514954
6.625 -0.224948735074822
6.640625 -0.23115269963469
6.65625 -0.237356664194557
6.671875 -0.243560628754425
6.6875 -0.249764593314293
6.703125 -0.255968557874161
6.71875 -0.262172522434029
6.734375 -0.268376486993897
6.75 -0.274580451553764
6.765625 -0.280784416113632
6.78125 -0.2869883806735
6.796875 -0.293192345233368
6.8125 -0.299396309793236
6.828125 -0.305600274353103
6.84375 -0.311804238912972
6.859375 -0.318008203472839
6.875 -0.324212168032707
6.890625 -0.330416132592575
6.90625 -0.336620097152443
6.921875 -0.342824061712311
6.9375 -0.349028026272179
6.953125 -0.355231990832046
6.96875 -0.361435955391914
6.984375 -0.367639919951782
7 -0.37384388451165
7.015625 -0.380047849071518
7.03125 -0.386251813631385
7.046875 -0.392455778191254
7.0625 -0.398659742751121
7.078125 -0.404863707310989
7.09375 -0.411067671870857
7.109375 -0.417271636430725
7.125 -0.423475600990593
7.140625 -0.42967956555046
7.15625 -0.435883530110329
7.171875 -0.442087494670196
7.1875 -0.448291459230064
7.203125 -0.454495423789932
7.21875 -0.4606993883498
7.234375 -0.466903352909668
7.25 -0.473107317469536
7.265625 -0.479311282029403
7.28125 -0.485515246589271
7.296875 -0.491719211149139
7.3125 -0.497923175709007
7.328125 -0.504127140268875
7.34375 -0.510331104828742
7.359375 -0.516535069388611
7.375 -0.522739033948478
7.390625 -0.528942998508346
7.40625 -0.535146963068214
7.421875 -0.541350927628082
7.4375 -0.54755489218795
7.453125 -0.553758856747817
7.46875 -0.559962821307685
7.484375 -0.566166785867553
7.5 -0.572370750427421
7.515625 -0.578574714987289
7.53125 -0.584778679547157
7.546875 -0.590982644107025
7.5625 -0.597186608666893
7.578125 -0.60339057322676
7.59375 -0.609594537786628
7.609375 -0.615798502346496
7.625 -0.622002466906364
7.640625 -0.628206431466232
7.65625 -0.634410396026099
7.671875 -0.640614360585968
7.6875 -0.646818325145835
7.703125 -0.653022289705703
7.71875 -0.659226254265571
7.734375 -0.665430218825439
7.75 -0.671634183385307
7.765625 -0.677838147945174
7.78125 -0.684042112505042
7.796875 -0.69024607706491
7.8125 -0.696450041624778
7.828125 -0.702654006184646
7.84375 -0.708857970744514
7.859375 -0.715061935304381
7.875 -0.72126589986425
7.890625 -0.727469864424117
7.90625 -0.733673828983985
7.921875 -0.739877793543853
7.9375 -0.746081758103721
7.953125 -0.752285722663589
7.96875 -0.758489687223456
7.984375 -0.764693651783324
8 -0.770897616343192
8.015625 -0.77710158090306
8.03125 -0.783305545462928
8.046875 -0.789509510022796
8.0625 -0.795713474582664
8.078125 -0.801917439142532
8.09375 -0.808121403702399
8.109375 -0.814325368262267
8.125 -0.820529332822135
8.140625 -0.826733297382003
8.15625 -0.832937261941871
8.171875 -0.839141226501738
8.1875 -0.845345191061607
8.203125 -0.851549155621474
8.21875 -0.857753120181342
8.234375 -0.86395708474121
8.25 -0.870161049301078
8.265625 -0.876365013860946
8.28125 -0.882568978420813
8.296875 -0.888772942980681
8.3125 -0.894976907540549
8.328125 -0.901180872100417
8.34375 -0.907384836660285
8.359375 -0.913588801220153
8.375 -0.91979276578002
8.390625 -0.925996730339889
8.40625 -0.932200694899756
8.421875 -0.938404659459624
8.4375 -0.944608624019492
8.453125 -0.95081258857936
8.46875 -0.957016553139228
8.484375 -0.963220517699095
8.5 -0.969424482258963
8.515625 -0.975628446818831
8.53125 -0.981832411378699
8.546875 -0.988036375938567
8.5625 -0.994240340498435
8.578125 -1.0004443050583
8.59375 -1.00664826961817
8.609375 -1.01285223417804
8.625 -1.01905619873791
8.640625 -1.02526016329777
8.65625 -1.03146412785764
8.671875 -1.03766809241751
8.6875 -1.04387205697738
8.703125 -1.05007602153725
8.71875 -1.05627998609711
8.734375 -1.06248395065698
8.75 -1.06868791521685
8.765625 -1.07489187977672
8.78125 -1.08109584433658
8.796875 -1.08729980889645
8.8125 -1.09350377345632
8.828125 -1.09970773801619
8.84375 -1.10591170257606
8.859375 -1.11211566713592
8.875 -1.11831963169579
8.890625 -1.12452359625566
8.90625 -1.13072756081553
8.921875 -1.1369315253754
8.9375 -1.14313548993526
8.953125 -1.14933945449513
8.96875 -1.155543419055
8.984375 -1.16174738361487
9 -1.16795134817473
9.015625 -1.1741553127346
9.03125 -1.18035927729447
9.046875 -1.18656324185434
9.0625 -1.19276720641421
9.078125 -1.19897117097407
9.09375 -1.20517513553394
9.109375 -1.21137910009381
9.125 -1.21758306465368
9.140625 -1.22378702921355
9.15625 -1.22999099377341
9.171875 -1.23619495833328
9.1875 -1.24239892289315
9.203125 -1.24860288745302
9.21875 -1.25480685201288
9.234375 -1.26101081657275
9.25 -1.26721478113262
9.265625 -1.27341874569249
9.28125 -1.27962271025236
9.296875 -1.28582667481222
9.3125 -1.29203063937209
9.328125 -1.29823460393196
9.34375 -1.30443856849183
9.359375 -1.31064253305169
9.375 -1.31684649761156
9.390625 -1.32305046217143
9.40625 -1.3292544267313
9.421875 -1.33545839129117
9.4375 -1.34166235585103
9.453125 -1.3478663204109
9.46875 -1.35407028497077
9.484375 -1.36027424953064
9.5 -1.36647821409051
9.515625 -1.37268217865037
9.53125 -1.37888614321024
9.546875 -1.38509010777011
9.5625 -1.39129407232998
9.578125 -1.39749803688984
9.59375 -1.40370200144971
9.609375 -1.40990596600958
9.625 -1.41610993056945
9.640625 -1.42231389512932
9.65625 -1.42851785968918
9.671875 -1.43472182424905
9.6875 -1.44092578880892
9.703125 -1.44712975336879
9.71875 -1.45333371792866
9.734375 -1.45953768248852
9.75 -1.46574164704839
9.765625 -1.47194561160826
9.78125 -1.47814957616813
9.796875 -1.48435354072799
9.8125 -1.49055750528786
9.828125 -1.49676146984773
9.84375 -1.5029654344076
9.859375 -1.50916939896747
9.875 -1.51537336352733
9.890625 -1.5215773280872
9.90625 -1.52778129264707
9.921875 -1.53398525720694
9.9375 -1.54018922176681
9.953125 -1.54639318632667
9.96875 -1.55259715088654
9.984375 -1.55880111544641
10 -1.56500508000628
10.015625 -1.57120904456614
10.03125 -1.57741300912601
10.046875 -1.58361697368588
10.0625 -1.58982093824575
10.078125 -1.59602490280562
10.09375 -1.60222886736548
10.109375 -1.60843283192535
10.125 -1.61463679648522
10.140625 -1.62084076104509
10.15625 -1.62704472560496
10.171875 -1.63324869016482
10.1875 -1.63945265472469
10.203125 -1.64565661928456
10.21875 -1.65186058384443
10.234375 -1.65806454840429
10.25 -1.66426851296416
10.265625 -1.67047247752403
10.28125 -1.6766764420839
10.296875 -1.68288040664377
10.3125 -1.68908437120363
10.328125 -1.6952883357635
10.34375 -1.70149230032337
10.359375 -1.70769626488324
10.375 -1.71390022944311
10.390625 -1.72010419400297
10.40625 -1.72630815856284
10.421875 -1.73251212312271
10.4375 -1.73871608768258
10.453125 -1.74492005224244
10.46875 -1.75112401680231
10.484375 -1.75732798136218
10.5 -1.76353194592205
10.515625 -1.76973591048192
10.53125 -1.77593987504178
10.546875 -1.78214383960165
10.5625 -1.78834780416152
10.578125 -1.79455176872139
10.59375 -1.80075573328125
10.609375 -1.80695969784112
10.625 -1.81316366240099
10.640625 -1.81936762696086
10.65625 -1.82557159152073
10.671875 -1.83177555608059
10.6875 -1.83797952064046
10.703125 -1.84418348520033
10.71875 -1.8503874497602
10.734375 -1.85659141432007
10.75 -1.86279537887993
10.765625 -1.8689993434398
10.78125 -1.87520330799967
10.796875 -1.88140727255954
10.8125 -1.8876112371194
10.828125 -1.89381520167927
10.84375 -1.90001916623914
10.859375 -1.90622313079901
10.875 -1.91242709535888
10.890625 -1.91863105991874
10.90625 -1.92483502447861
10.921875 -1.93103898903848
10.9375 -1.93724295359835
10.953125 -1.94344691815822
10.96875 -1.94965088271808
10.984375 -1.95585484727795
11 -1.96205881183782
11.015625 -1.96826277639769
11.03125 -1.97446674095755
11.046875 -1.98067070551742
11.0625 -1.98687467007729
11.078125 -1.99307863463716
11.09375 -1.99928259919703
11.109375 -2.00548656375689
11.125 -2.01169052831676
11.140625 -2.01789449287663
11.15625 -2.0240984574365
11.171875 -2.03030242199637
11.1875 -2.03650638655623
11.203125 -2.0427103511161
11.21875 -2.04891431567597
11.234375 -2.05511828023584
11.25 -2.0613222447957
11.265625 -2.06752620935557
11.28125 -2.07373017391544
11.296875 -2.07993413847531
11.3125 -2.08613810303518
11.328125 -2.09234206759504
11.34375 -2.09854603215491
11.359375 -2.10474999671478
11.375 -2.11095396127465
11.390625 -2.11715792583452
11.40625 -2.12336189039438
11.421875 -2.12956585495425
11.4375 -2.13576981951412
11.453125 -2.14197378407399
11.46875 -2.14817774863385
11.484375 -2.15438171319372
11.5 -2.16058567775359
11.515625 -2.16678964231346
11.53125 -2.17299360687333
11.546875 -2.17919757143319
11.5625 -2.18540153599306
11.578125 -2.19160550055293
11.59375 -2.1978094651128
11.609375 -2.20401342967267
11.625 -2.21021739423253
11.640625 -2.2164213587924
11.65625 -2.22262532335227
11.671875 -2.22882928791214
11.6875 -2.235033252472
11.703125 -2.24123721703187
11.71875 -2.24744118159174
11.734375 -2.25364514615161
11.75 -2.25984911071148
11.765625 -2.26605307527134
11.78125 -2.27225703983121
11.796875 -2.27846100439108
11.8125 -2.28466496895095
11.828125 -2.29086893351081
11.84375 -2.29707289807068
11.859375 -2.30327686263055
11.875 -2.30948082719042
11.890625 -2.31568479175029
11.90625 -2.32188875631015
11.921875 -2.32809272087002
11.9375 -2.33429668542989
11.953125 -2.34050064998976
11.96875 -2.34670461454963
11.984375 -2.35290857910949
12 -2.35911254366936
12.015625 -2.36531650822923
12.03125 -2.3715204727891
12.046875 -2.37772443734896
12.0625 -2.38392840190883
12.078125 -2.3901323664687
12.09375 -2.39633633102857
12.109375 -2.40254029558844
12.125 -2.4087442601483
12.140625 -2.41494822470817
12.15625 -2.42115218926804
12.171875 -2.42735615382791
12.1875 -2.43356011838778
12.203125 -2.43976408294764
12.21875 -2.44596804750751
12.234375 -2.45217201206738
12.25 -2.45837597662725
12.265625 -2.46457994118711
12.28125 -2.47078390574698
12.296875 -2.47698787030685
12.3125 -2.48319183486672
12.328125 -2.48939579942659
12.34375 -2.49559976398645
12.359375 -2.50180372854632
12.375 -2.50800769310619
12.390625 -2.51421165766606
12.40625 -2.52041562222592
12.421875 -2.52661958678579
12.4375 -2.53282355134566
12.453125 -2.53902751590553
12.46875 -2.5452314804654
12.484375 -2.55143544502526
12.5 -2.55763940958513
12.515625 -2.563843374145
12.53125 -2.57004733870487
12.546875 -2.57625130326474
12.5625 -2.5824552678246
12.578125 -2.58865923238447
12.59375 -2.59486319694434
12.609375 -2.60106716150421
12.625 -2.60727112606408
12.640625 -2.61347509062394
12.65625 -2.61967905518381
12.671875 -2.62588301974368
12.6875 -2.63208698430355
12.703125 -2.63829094886341
12.71875 -2.64449491342328
12.734375 -2.65069887798315
12.75 -2.65690284254302
12.765625 -2.66310680710289
12.78125 -2.66931077166275
12.796875 -2.67551473622262
12.8125 -2.68171870078249
12.828125 -2.68792266534236
12.84375 -2.69412662990223
12.859375 -2.70033059446209
12.875 -2.70653455902196
12.890625 -2.71273852358183
12.90625 -2.7189424881417
12.921875 -2.72514645270156
12.9375 -2.73135041726143
12.953125 -2.7375543818213
12.96875 -2.74375834638117
12.984375 -2.74996231094104
13 -2.7561662755009
13.015625 -2.76237024006077
13.03125 -2.76857420462064
13.046875 -2.77477816918051
13.0625 -2.78098213374038
13.078125 -2.78718609830024
13.09375 -2.79339006286011
13.109375 -2.79959402741998
13.125 -2.80579799197985
13.140625 -2.81200195653971
13.15625 -2.81820592109958
13.171875 -2.82440988565945
13.1875 -2.83061385021932
13.203125 -2.83681781477919
13.21875 -2.84302177933905
13.234375 -2.84922574389892
13.25 -2.85542970845879
13.265625 -2.86163367301866
13.28125 -2.86783763757852
13.296875 -2.87404160213839
13.3125 -2.88024556669826
13.328125 -2.88644953125813
13.34375 -2.892653495818
13.359375 -2.89885746037786
13.375 -2.90506142493773
13.390625 -2.9112653894976
13.40625 -2.91746935405747
13.421875 -2.92367331861734
13.4375 -2.9298772831772
13.453125 -2.93608124773707
13.46875 -2.94228521229694
13.484375 -2.94848917685681
13.5 -2.95469314141667
13.515625 -2.96089710597654
13.53125 -2.96710107053641
13.546875 -2.97330503509628
13.5625 -2.97950899965615
13.578125 -2.98571296421601
13.59375 -2.99191692877588
13.609375 -2.99812089333575
13.625 -3.00432485789562
13.640625 -3.01052882245548
13.65625 -3.01673278701535
13.671875 -3.02293675157522
13.6875 -3.02914071613509
13.703125 -3.03534468069496
13.71875 -3.04154864525482
13.734375 -3.04775260981469
13.75 -3.05395657437456
13.765625 -3.06016053893443
13.78125 -3.0663645034943
13.796875 -3.07256846805416
13.8125 -3.07877243261403
13.828125 -3.0849763971739
13.84375 -3.09118036173377
13.859375 -3.09738432629363
13.875 -3.1035882908535
13.890625 -3.10979225541337
13.90625 -3.11599621997324
13.921875 -3.12220018453311
13.9375 -3.12840414909297
13.953125 -3.13460811365284
13.96875 -3.14081207821271
13.984375 -3.14701604277258
14 -3.15322000733245
14.015625 -3.15942397189231
14.03125 -3.16562793645218
14.046875 -3.17183190101205
14.0625 -3.17803586557192
14.078125 -3.18423983013179
14.09375 -3.19044379469165
14.109375 -3.19664775925152
14.125 -3.20285172381139
14.140625 -3.20905568837126
14.15625 -3.21525965293112
14.171875 -3.22146361749099
14.1875 -3.22766758205086
14.203125 -3.23387154661073
14.21875 -3.2400755111706
14.234375 -3.24627947573046
14.25 -3.25248344029033
14.265625 -3.2586874048502
14.28125 -3.26489136941007
14.296875 -3.27109533396994
14.3125 -3.2772992985298
14.328125 -3.28350326308967
14.34375 -3.28970722764954
14.359375 -3.29591119220941
14.375 -3.30211515676927
14.390625 -3.30831912132914
14.40625 -3.31452308588901
14.421875 -3.32072705044888
14.4375 -3.32693101500875
14.453125 -3.33313497956861
14.46875 -3.33933894412848
14.484375 -3.34554290868835
14.5 -3.35174687324822
14.515625 -3.35795083780808
14.53125 -3.36415480236795
14.546875 -3.37035876692782
14.5625 -3.37656273148769
14.578125 -3.38276669604756
14.59375 -3.38897066060742
14.609375 -3.39517462516729
14.625 -3.40137858972716
14.640625 -3.40758255428703
14.65625 -3.4137865188469
14.671875 -3.41999048340676
14.6875 -3.42619444796663
14.703125 -3.4323984125265
14.71875 -3.43860237708637
14.734375 -3.44480634164623
14.75 -3.4510103062061
14.765625 -3.45721427076597
14.78125 -3.46341823532584
14.796875 -3.46962219988571
14.8125 -3.47582616444557
14.828125 -3.48203012900544
14.84375 -3.48823409356531
14.859375 -3.49443805812518
14.875 -3.50064202268504
14.890625 -3.50684598724491
14.90625 -3.51304995180478
14.921875 -3.51925391636465
14.9375 -3.52545788092452
14.953125 -3.53166184548438
14.96875 -3.53786581004425
14.984375 -3.54406977460412
15 -3.55027373916399
15.015625 -3.55647770372386
15.03125 -3.56268166828372
15.046875 -3.56888563284359
15.0625 -3.57508959740346
15.078125 -3.58129356196333
15.09375 -3.58749752652319
15.109375 -3.59370149108306
15.125 -3.59990545564293
15.140625 -3.6061094202028
15.15625 -3.61231338476267
15.171875 -3.61851734932253
15.1875 -3.6247213138824
15.203125 -3.63092527844227
15.21875 -3.63712924300214
15.234375 -3.64333320756201
15.25 -3.64953717212187
15.265625 -3.65574113668174
15.28125 -3.66194510124161
15.296875 -3.66814906580148
15.3125 -3.67435303036134
15.328125 -3.68055699492121
15.34375 -3.68676095948108
15.359375 -3.69296492404095
15.375 -3.69916888860082
15.390625 -3.70537285316068
15.40625 -3.71157681772055
15.421875 -3.71778078228042
15.4375 -3.72398474684029
15.453125 -3.73018871140016
15.46875 -3.73639267596002
15.484375 -3.74259664051989
