0.5 7.52535973533883
0.515625 7.5262278555782
0.53125 7.52709597581757
0.546875 7.52796409605694
0.5625 7.52883221629632
0.578125 7.52970033653569
0.59375 7.53056845677506
0.609375 7.53143657701443
0.625 7.53230469725381
0.640625 7.53317281749318
0.65625 7.53404093773255
0.671875 7.53490905797192
0.6875 7.5357771782113
0.703125 7.53664529845067
0.71875 7.53751341869004
0.734375 7.53838153892941
0.75 7.53924965916879
0.765625 7.54011777940816
0.78125 7.54098589964753
0.796875 7.5418540198869
0.8125 7.54272214012628
0.828125 7.54359026036565
0.84375 7.54445838060502
0.859375 7.54532650084439
0.875 7.54619462108377
0.890625 7.54706274132314
0.90625 7.54793086156251
0.921875 7.54879898180188
0.9375 7.54966710204126
0.953125 7.55053522228063
0.96875 7.55140334252
0.984375 7.55227146275937
1 7.55313958299875
1.015625 7.55400770323812
1.03125 7.55487582347749
1.046875 7.55574394371686
1.0625 7.55661206395624
1.078125 7.55748018419561
1.09375 7.55834830443498
1.109375 7.55921642467435
1.125 7.56008454491373
1.140625 7.5609526651531
1.15625 7.56182078539247
1.171875 7.56268890563184
1.1875 7.56355702587122
1.203125 7.56442514611059
1.21875 7.56529326634996
1.234375 7.56616138658933
1.25 7.56702950682871
1.265625 7.56789762706808
1.28125 7.56876574730745
1.296875 7.56963386754682
1.3125 7.5705019877862
1.328125 7.57137010802557
1.34375 7.57223822826494
1.359375 7.57310634850431
1.375 7.57397446874369
1.390625 7.57484258898306
1.40625 7.57571070922243
1.421875 7.5765788294618
1.4375 7.57744694970118
1.453125 7.57831506994055
1.46875 7.57918319017992
1.484375 7.58005131041929
1.5 7.58091943065867
1.515625 7.58178755089804
1.53125 7.58265567113741
1.546875 7.58352379137679
1.5625 7.58439191161616
1.578125 7.58526003185553
1.59375 7.5861281520949
1.609375 7.58699627233428
1.625 7.58786439257365
1.640625 7.58873251281302
1.65625 7.58960063305239
1.671875 7.59046875329177
1.6875 7.59133687353114
1.703125 7.59220499377051
1.71875 7.59307311400988
1.734375 7.59394123424925
1.75 7.59480935448863
1.765625 7.595677474728
1.78125 7.59654559496737
1.796875 7.59741371520674
1.8125 7.59828183544612
1.828125 7.59914995568549
1.84375 7.60001807592486
1.859375 7.60088619616424
1.875 7.60175431640361
1.890625 7.60262243664298
1.90625 7.60349055688235
1.921875 7.60435867712173
1.9375 7.6052267973611
1.953125 7.60609491760047
1.96875 7.60696303783984
1.984375 7.60783115807922
2 7.60869927831859
2.015625 7.60956739855796
2.03125 7.61043551879733
2.046875 7.61130363903671
2.0625 7.61217175927608
2.078125 7.61303987951545
2.09375 7.61390799975482
2.109375 7.6147761199942
2.125 7.61564424023357
2.140625 7.61651236047294
2.15625 7.61738048071231
2.171875 7.61824860095169
2.1875 7.61911672119106
2.203125 7.61998484143043
2.21875 7.6208529616698
2.234375 7.62172108190918
2.25 7.62258920214855
2.265625 7.62345732238792
2.28125 7.62432544262729
2.296875 7.62519356286667
2.3125 7.62606168310604
2.328125 7.62692980334541
2.34375 7.62779792358478
2.359375 7.62866604382416
2.375 7.62953416406353
2.390625 7.6304022843029
2.40625 7.63127040454227
2.421875 7.63213852478165
2.4375 7.63300664502102
2.453125 7.63387476526039
2.46875 7.63474288549976
2.484375 7.63561100573914
2.5 7.63647912597851
2.515625 7.63734724621788
2.53125 7.63821536645725
2.546875 7.63908348669663
2.5625 7.639951606936
2.578125 7.64081972717537
2.59375 7.64168784741474
2.609375 7.64255596765412
2.625 7.64342408789349
2.640625 7.64429220813286
2.65625 7.64516032837223
2.671875 7.64602844861161
2.6875 7.64689656885098
2.703125 7.64776468909035
2.71875 7.64863280932972
2.734375 7.6495009295691
2.75 7.65036904980847
2.765625 7.65123717004784
2.78125 7.65210529028721
2.796875 7.65297341052659
2.8125 7.65384153076596
2.828125 7.65470965100533
2.84375 7.6555777712447
2.859375 7.65644589148408
2.875 7.65731401172345
2.890625 7.65818213196282
2.90625 7.65905025220219
2.921875 7.65991837244157
2.9375 7.66078649268094
2.953125 7.66165461292031
2.96875 7.66252273315969
2.984375 7.66339085339906
3 7.66425897363843
3.015625 7.6651270938778
3.03125 7.66599521411718
3.046875 7.66686333435655
3.0625 7.66773145459592
3.078125 7.66859957483529
3.09375 7.66946769507467
3.109375 7.67033581531404
3.125 7.67120393555341
3.140625 7.67207205579278
3.15625 7.67294017603215
3.171875 7.67380829627153
3.1875 7.6746764165109
3.203125 7.67554453675027
3.21875 7.67641265698964
3.234375 7.67728077722902
3.25 7.67814889746839
3.265625 7.67901701770776
3.28125 7.67988513794714
3.296875 7.68075325818651
3.3125 7.68162137842588
3.328125 7.68248949866525
3.34375 7.68335761890463
3.359375 7.684225739144
3.375 7.68509385938337
3.390625 7.68596197962274
3.40625 7.68683009986212
3.421875 7.68769822010149
3.4375 7.68856634034086
3.453125 7.68943446058023
3.46875 7.69030258081961
3.484375 7.69117070105898
3.5 7.69203882129835
3.515625 7.69290694153772
3.53125 7.6937750617771
3.546875 7.69464318201647
3.5625 7.69551130225584
3.578125 7.69637942249521
3.59375 7.69724754273459
3.609375 7.69811566297396
3.625 7.69898378321333
3.640625 7.6998519034527
3.65625 7.70072002369208
3.671875 7.70158814393145
3.6875 7.70245626417082
3.703125 7.70332438441019
3.71875 7.70419250464957
3.734375 7.70506062488894
3.75 7.70592874512831
3.765625 7.70679686536768
3.78125 7.70766498560706
3.796875 7.70853310584643
3.8125 7.7094012260858
3.828125 7.71026934632517
3.84375 7.71113746656455
3.859375 7.71200558680392
3.875 7.71287370704329
3.890625 7.71374182728266
3.90625 7.71460994752204
3.921875 7.71547806776141
3.9375 7.71634618800078
3.953125 7.71721430824015
3.96875 7.71808242847953
3.984375 7.7189505487189
4 7.71981866895827
4.015625 7.72068678919764
4.03125 7.72155490943702
4.046875 7.72242302967639
4.0625 7.72329114991576
4.078125 7.72415927015513
4.09375 7.72502739039451
4.109375 7.72589551063388
4.125 7.72676363087325
4.140625 7.72763175111262
4.15625 7.728499871352
4.171875 7.72936799159137
4.1875 7.73023611183074
4.203125 7.73110423207011
4.21875 7.73197235230949
4.234375 7.73284047254886
4.25 7.73370859278823
4.265625 7.7345767130276
4.28125 7.73544483326698
4.296875 7.73631295350635
4.3125 7.73718107374572
4.328125 7.73804919398509
4.34375 7.73891731422447
4.359375 7.73978543446384
4.375 7.74065355470321
4.390625 7.74152167494259
4.40625 7.74238979518196
4.421875 7.74325791542133
4.4375 7.7441260356607
4.453125 7.74499415590008
4.46875 7.74586227613945
4.484375 7.74673039637882
4.5 7.74759851661819
4.515625 7.74846663685757
4.53125 7.74933475709694
4.546875 7.75020287733631
4.5625 7.75107099757568
4.578125 7.75193911781505
4.59375 7.75280723805443
4.609375 7.7536753582938
4.625 7.75454347853317
4.640625 7.75541159877254
4.65625 7.75627971901192
4.671875 7.75714783925129
4.6875 7.75801595949066
4.703125 7.75888407973004
4.71875 7.75975219996941
4.734375 7.76062032020878
4.75 7.76148844044815
4.765625 7.76235656068753
4.78125 7.7632246809269
4.796875 7.76409280116627
4.8125 7.76496092140564
4.828125 7.76582904164502
4.84375 7.76669716188439
4.859375 7.76756528212376
4.875 7.76843340236313
4.890625 7.76930152260251
4.90625 7.77016964284188
4.921875 7.77103776308125
4.9375 7.77190588332062
4.953125 7.77277400356
4.96875 7.77364212379937
4.984375 7.77451024403874
5 7.77537836427811
5.015625 7.77624648451749
5.03125 7.77711460475686
5.046875 7.77798272499623
5.0625 7.7788508452356
5.078125 7.77971896547498
5.09375 7.78058708571435
5.109375 7.78145520595372
5.125 7.78232332619309
5.140625 7.78319144643247
5.15625 7.78405956667184
5.171875 7.78492768691121
5.1875 7.78579580715058
5.203125 7.78666392738996
5.21875 7.78753204762933
5.234375 7.7884001678687
5.25 7.78926828810807
5.265625 7.79013640834745
5.28125 7.79100452858682
5.296875 7.79187264882619
5.3125 7.79274076906556
5.328125 7.79360888930494
5.34375 7.79447700954431
5.359375 7.79534512978368
5.375 7.79621325002305
5.390625 7.79708137026243
5.40625 7.7979494905018
5.421875 7.79881761074117
5.4375 7.79968573098054
5.453125 7.80055385121992
5.46875 7.80142197145929
5.484375 7.80229009169866
5.5 7.80315821193803
5.515625 7.80402633217741
5.53125 7.80489445241678
5.546875 7.80576257265615
5.5625 7.80663069289552
5.578125 7.8074988131349
5.59375 7.80836693337427
5.609375 7.80923505361364
5.625 7.81010317385301
5.640625 7.81097129409239
5.65625 7.81183941433176
5.671875 7.81270753457113
5.6875 7.8135756548105
5.703125 7.81444377504988
5.71875 7.81531189528925
5.734375 7.81618001552862
5.75 7.81704813576799
5.765625 7.81791625600737
5.78125 7.81878437624674
5.796875 7.81965249648611
5.8125 7.82052061672549
5.828125 7.82138873696486
5.84375 7.82225685720423
5.859375 7.8231249774436
5.875 7.82399309768298
5.890625 7.82486121792235
5.90625 7.82572933816172
5.921875 7.82659745840109
5.9375 7.82746557864047
5.953125 7.82833369887984
5.96875 7.82920181911921
5.984375 7.83006993935858
6 7.83093805959795
6.015625 7.83180617983733
6.03125 7.8326743000767
6.046875 7.83354242031607
6.0625 7.83441054055544
6.078125 7.83527866079482
6.09375 7.83614678103419
6.109375 7.83701490127356
6.125 7.83788302151294
6.140625 7.83875114175231
6.15625 7.83961926199168
6.171875 7.84048738223105
6.1875 7.84135550247043
6.203125 7.8422236227098
6.21875 7.84309174294917
6.234375 7.84395986318854
6.25 7.84482798342792
6.265625 7.84569610366729
6.28125 7.84656422390666
6.296875 7.84743234414603
6.3125 7.84830046438541
6.328125 7.84916858462478
6.34375 7.85003670486415
6.359375 7.85090482510352
6.375 7.8517729453429
6.390625 7.85264106558227
6.40625 7.85350918582164
6.421875 7.85437730606101
6.4375 7.85524542630039
6.453125 7.85611354653976
6.46875 7.85698166677913
6.484375 7.8578497870185
6.5 7.85871790725788
6.515625 7.85958602749725
6.53125 7.86045414773662
6.546875 7.86132226797599
6.5625 7.86219038821537
6.578125 7.86305850845474
6.59375 7.86392662869411
6.609375 7.86479474893348
6.625 7.86566286917286
6.640625 7.86653098941223
6.65625 7.8673991096516
6.671875 7.86826722989097
6.6875 7.86913535013035
6.703125 7.87000347036972
6.71875 7.87087159060909
6.734375 7.87173971084846
6.75 7.87260783108784
6.765625 7.87347595132721
6.78125 7.87434407156658
6.796875 7.87521219180595
6.8125 7.87608031204533
6.828125 7.8769484322847
6.84375 7.87781655252407
6.859375 7.87868467276344
6.875 7.87955279300282
6.890625 7.88042091324219
6.90625 7.88128903348156
6.921875 7.88215715372093
6.9375 7.88302527396031
6.953125 7.88389339419968
6.96875 7.88476151443905
6.984375 7.88562963467842
7 7.8864977549178
7.015625 7.88736587515717
7.03125 7.88823399539654
7.046875 7.88910211563591
7.0625 7.88997023587529
7.078125 7.89083835611466
7.09375 7.89170647635403
7.109375 7.8925745965934
7.125 7.89344271683278
7.140625 7.89431083707215
7.15625 7.89517895731152
7.171875 7.89604707755089
7.1875 7.89691519779027
7.203125 7.89778331802964
7.21875 7.89865143826901
7.234375 7.89951955850839
7.25 7.90038767874776
7.265625 7.90125579898713
7.28125 7.9021239192265
7.296875 7.90299203946588
7.3125 7.90386015970525
7.328125 7.90472827994462
7.34375 7.90559640018399
7.359375 7.90646452042336
7.375 7.90733264066274
7.390625 7.90820076090211
7.40625 7.90906888114148
7.421875 7.90993700138085
7.4375 7.91080512162023
7.453125 7.9116732418596
7.46875 7.91254136209897
7.484375 7.91340948233834
7.5 7.91427760257772
7.515625 7.91514572281709
7.53125 7.91601384305646
7.546875 7.91688196329584
7.5625 7.91775008353521
7.578125 7.91861820377458
7.59375 7.91948632401395
7.609375 7.92035444425333
7.625 7.9212225644927
7.640625 7.92209068473207
7.65625 7.92295880497144
7.671875 7.92382692521082
7.6875 7.92469504545019
7.703125 7.92556316568956
7.71875 7.92643128592893
7.734375 7.92729940616831
7.75 7.92816752640768
7.765625 7.92903564664705
7.78125 7.92990376688642
7.796875 7.9307718871258
7.8125 7.93164000736517
7.828125 7.93250812760454
7.84375 7.93337624784391
7.859375 7.93424436808329
7.875 7.93511248832266
7.890625 7.93598060856203
7.90625 7.9368487288014
7.921875 7.93771684904078
7.9375 7.93858496928015
7.953125 7.93945308951952
7.96875 7.94032120975889
7.984375 7.94118932999827
8 7.94205745023764
8.015625 7.94292557047701
8.03125 7.94379369071638
8.046875 7.94466181095576
8.0625 7.94552993119513
8.078125 7.9463980514345
8.09375 7.94726617167387
8.109375 7.94813429191325
8.125 7.94900241215262
8.140625 7.94987053239199
8.15625 7.95073865263136
8.171875 7.95160677287074
8.1875 7.95247489311011
8.203125 7.95334301334948
8.21875 7.95421113358885
8.234375 7.95507925382823
8.25 7.9559473740676
8.265625 7.95681549430697
8.28125 7.95768361454634
8.296875 7.95855173478572
8.3125 7.95941985502509
8.328125 7.96028797526446
8.34375 7.96115609550383
8.359375 7.96202421574321
8.375 7.96289233598258
8.390625 7.96376045622195
8.40625 7.96462857646132
8.421875 7.9654966967007
8.4375 7.96636481694007
8.453125 7.96723293717944
8.46875 7.96810105741881
8.484375 7.96896917765819
8.5 7.96983729789756
8.515625 7.97070541813693
8.53125 7.9715735383763
8.546875 7.97244165861568
8.5625 7.97330977885505
8.578125 7.97417789909442
8.59375 7.97504601933379
8.609375 7.97591413957317
8.625 7.97678225981254
8.640625 7.97765038005191
8.65625 7.97851850029129
8.671875 7.97938662053066
8.6875 7.98025474077003
8.703125 7.9811228610094
8.71875 7.98199098124878
8.734375 7.98285910148815
8.75 7.98372722172752
8.765625 7.98459534196689
8.78125 7.98546346220627
8.796875 7.98633158244564
8.8125 7.98719970268501
8.828125 7.98806782292438
8.84375 7.98893594316375
8.859375 7.98980406340313
8.875 7.9906721836425
8.890625 7.99154030388187
8.90625 7.99240842412124
8.921875 7.99327654436062
8.9375 7.99414466459999
8.953125 7.99501278483936
8.96875 7.99588090507874
8.984375 7.99674902531811
9 7.99761714555748
9.015625 7.99848526579685
9.03125 7.99935338603623
9.046875 8.0002215062756
9.0625 8.00108962651497
9.078125 8.00195774675434
9.09375 8.00282586699372
9.109375 8.00369398723309
9.125 8.00456210747246
9.140625 8.00543022771183
9.15625 8.0062983479512
9.171875 8.00716646819058
9.1875 8.00803458842995
9.203125 8.00890270866932
9.21875 8.0097708289087
9.234375 8.01063894914807
9.25 8.01150706938744
9.265625 8.01237518962681
9.28125 8.01324330986619
9.296875 8.01411143010556
9.3125 8.01497955034493
9.328125 8.0158476705843
9.34375 8.01671579082368
9.359375 8.01758391106305
9.375 8.01845203130242
9.390625 8.01932015154179
9.40625 8.02018827178117
9.421875 8.02105639202054
9.4375 8.02192451225991
9.453125 8.02279263249928
9.46875 8.02366075273866
9.484375 8.02452887297803
9.5 8.0253969932174
9.515625 8.02626511345677
9.53125 8.02713323369615
9.546875 8.02800135393552
9.5625 8.02886947417489
9.578125 8.02973759441426
9.59375 8.03060571465364
9.609375 8.03147383489301
9.625 8.03234195513238
9.640625 8.03321007537175
9.65625 8.03407819561113
9.671875 8.0349463158505
9.6875 8.03581443608987
9.703125 8.03668255632924
9.71875 8.03755067656862
9.734375 8.03841879680799
9.75 8.03928691704736
9.765625 8.04015503728673
9.78125 8.04102315752611
9.796875 8.04189127776548
9.8125 8.04275939800485
9.828125 8.04362751824423
9.84375 8.0444956384836
9.859375 8.04536375872297
9.875 8.04623187896234
9.890625 8.04709999920171
9.90625 8.04796811944109
9.921875 8.04883623968046
9.9375 8.04970435991983
9.953125 8.0505724801592
9.96875 8.05144060039858
9.984375 8.05230872063795
10 8.05317684087732
10.015625 8.05404496111669
10.03125 8.05491308135607
10.046875 8.05578120159544
10.0625 8.05664932183481
10.078125 8.05751744207418
10.09375 8.05838556231356
10.109375 8.05925368255293
10.125 8.0601218027923
10.140625 8.06098992303168
10.15625 8.06185804327105
10.171875 8.06272616351042
10.1875 8.06359428374979
10.203125 8.06446240398916
10.21875 8.06533052422854
10.234375 8.06619864446791
10.25 8.06706676470728
10.265625 8.06793488494666
10.28125 8.06880300518603
10.296875 8.0696711254254
10.3125 8.07053924566477
10.328125 8.07140736590414
10.34375 8.07227548614352
10.359375 8.07314360638289
10.375 8.07401172662226
10.390625 8.07487984686164
10.40625 8.07574796710101
10.421875 8.07661608734038
10.4375 8.07748420757975
10.453125 8.07835232781913
10.46875 8.0792204480585
10.484375 8.08008856829787
10.5 8.08095668853724
10.515625 8.08182480877662
10.53125 8.08269292901599
10.546875 8.08356104925536
10.5625 8.08442916949473
10.578125 8.08529728973411
10.59375 8.08616540997348
10.609375 8.08703353021285
10.625 8.08790165045222
10.640625 8.0887697706916
10.65625 8.08963789093097
10.671875 8.09050601117034
10.6875 8.09137413140971
10.703125 8.09224225164909
10.71875 8.09311037188846
10.734375 8.09397849212783
10.75 8.0948466123672
10.765625 8.09571473260658
10.78125 8.09658285284595
10.796875 8.09745097308532
10.8125 8.09831909332469
10.828125 8.09918721356407
10.84375 8.10005533380344
10.859375 8.10092345404281
10.875 8.10179157428218
10.890625 8.10265969452156
10.90625 8.10352781476093
10.921875 8.1043959350003
10.9375 8.10526405523967
10.953125 8.10613217547905
10.96875 8.10700029571842
10.984375 8.10786841595779
11 8.10873653619716
11.015625 8.10960465643654
11.03125 8.11047277667591
11.046875 8.11134089691528
11.0625 8.11220901715465
11.078125 8.11307713739403
11.09375 8.1139452576334
11.109375 8.11481337787277
11.125 8.11568149811214
11.140625 8.11654961835152
11.15625 8.11741773859089
11.171875 8.11828585883026
11.1875 8.11915397906963
11.203125 8.12002209930901
11.21875 8.12089021954838
11.234375 8.12175833978775
11.25 8.12262646002712
11.265625 8.1234945802665
11.28125 8.12436270050587
11.296875 8.12523082074524
11.3125 8.12609894098462
11.328125 8.12696706122399
11.34375 8.12783518146336
11.359375 8.12870330170273
11.375 8.1295714219421
11.390625 8.13043954218148
11.40625 8.13130766242085
11.421875 8.13217578266022
11.4375 8.13304390289959
11.453125 8.13391202313897
11.46875 8.13478014337834
11.484375 8.13564826361771
11.5 8.13651638385709
11.515625 8.13738450409646
11.53125 8.13825262433583
11.546875 8.1391207445752
11.5625 8.13998886481457
11.578125 8.14085698505395
11.59375 8.14172510529332
11.609375 8.14259322553269
11.625 8.14346134577207
11.640625 8.14432946601144
11.65625 8.14519758625081
11.671875 8.14606570649018
11.6875 8.14693382672955
11.703125 8.14780194696893
11.71875 8.1486700672083
11.734375 8.14953818744767
11.75 8.15040630768705
11.765625 8.15127442792642
11.78125 8.15214254816579
11.796875 8.15301066840516
11.8125 8.15387878864454
11.828125 8.15474690888391
11.84375 8.15561502912328
11.859375 8.15648314936265
11.875 8.15735126960203
11.890625 8.1582193898414
11.90625 8.15908751008077
11.921875 8.15995563032014
11.9375 8.16082375055952
11.953125 8.16169187079889
11.96875 8.16255999103826
11.984375 8.16342811127763
12 8.164296231517
12.015625 8.16516435175638
12.03125 8.16603247199575
12.046875 8.16690059223512
12.0625 8.1677687124745
12.078125 8.16863683271387
12.09375 8.16950495295324
12.109375 8.17037307319261
12.125 8.17124119343199
12.140625 8.17210931367136
12.15625 8.17297743391073
12.171875 8.1738455541501
12.1875 8.17471367438948
12.203125 8.17558179462885
12.21875 8.17644991486822
12.234375 8.17731803510759
12.25 8.17818615534697
12.265625 8.17905427558634
12.28125 8.17992239582571
12.296875 8.18079051606508
12.3125 8.18165863630446
12.328125 8.18252675654383
12.34375 8.1833948767832
12.359375 8.18426299702257
12.375 8.18513111726195
12.390625 8.18599923750132
12.40625 8.18686735774069
12.421875 8.18773547798006
12.4375 8.18860359821944
12.453125 8.18947171845881
12.46875 8.19033983869818
12.484375 8.19120795893755
12.5 8.19207607917693
12.515625 8.1929441994163
12.53125 8.19381231965567
12.546875 8.19468043989504
12.5625 8.19554856013442
12.578125 8.19641668037379
12.59375 8.19728480061316
12.609375 8.19815292085253
12.625 8.19902104109191
12.640625 8.19988916133128
12.65625 8.20075728157065
12.671875 8.20162540181002
12.6875 8.2024935220494
12.703125 8.20336164228877
12.71875 8.20422976252814
12.734375 8.20509788276751
12.75 8.20596600300689
12.765625 8.20683412324626
12.78125 8.20770224348563
12.796875 8.208570363725
12.8125 8.20943848396438
12.828125 8.21030660420375
12.84375 8.21117472444312
12.859375 8.21204284468249
12.875 8.21291096492187
12.890625 8.21377908516124
12.90625 8.21464720540061
12.921875 8.21551532563998
12.9375 8.21638344587936
12.953125 8.21725156611873
12.96875 8.2181196863581
12.984375 8.21898780659748
13 8.21985592683685
13.015625 8.22072404707622
13.03125 8.22159216731559
13.046875 8.22246028755496
13.0625 8.22332840779434
13.078125 8.22419652803371
13.09375 8.22506464827308
13.109375 8.22593276851246
13.125 8.22680088875183
13.140625 8.2276690089912
13.15625 8.22853712923057
13.171875 8.22940524946995
13.1875 8.23027336970932
13.203125 8.23114148994869
13.21875 8.23200961018806
13.234375 8.23287773042744
13.25 8.23374585066681
13.265625 8.23461397090618
13.28125 8.23548209114555
13.296875 8.23635021138493
13.3125 8.2372183316243
13.328125 8.23808645186367
13.34375 8.23895457210304
13.359375 8.23982269234241
13.375 8.24069081258179
13.390625 8.24155893282116
13.40625 8.24242705306053
13.421875 8.24329517329991
13.4375 8.24416329353928
13.453125 8.24503141377865
13.46875 8.24589953401802
13.484375 8.2467676542574
13.5 8.24763577449677
13.515625 8.24850389473614
13.53125 8.24937201497551
13.546875 8.25024013521489
13.5625 8.25110825545426
13.578125 8.25197637569363
13.59375 8.252844495933
13.609375 8.25371261617238
13.625 8.25458073641175
13.640625 8.25544885665112
13.65625 8.25631697689049
13.671875 8.25718509712987
13.6875 8.25805321736924
13.703125 8.25892133760861
13.71875 8.25978945784798
13.734375 8.26065757808736
13.75 8.26152569832673
13.765625 8.2623938185661
13.78125 8.26326193880547
13.796875 8.26413005904485
13.8125 8.26499817928422
13.828125 8.26586629952359
13.84375 8.26673441976296
13.859375 8.26760254000234
13.875 8.26847066024171
13.890625 8.26933878048108
13.90625 8.27020690072045
13.921875 8.27107502095983
13.9375 8.2719431411992
13.953125 8.27281126143857
13.96875 8.27367938167794
13.984375 8.27454750191732
14 8.27541562215669
14.015625 8.27628374239606
14.03125 8.27715186263544
14.046875 8.27801998287481
14.0625 8.27888810311418
14.078125 8.27975622335355
14.09375 8.28062434359292
14.109375 8.2814924638323
14.125 8.28236058407167
14.140625 8.28322870431104
14.15625 8.28409682455041
14.171875 8.28496494478979
14.1875 8.28583306502916
14.203125 8.28670118526853
14.21875 8.2875693055079
14.234375 8.28843742574728
14.25 8.28930554598665
14.265625 8.29017366622602
14.28125 8.29104178646539
14.296875 8.29190990670477
14.3125 8.29277802694414
14.328125 8.29364614718351
14.34375 8.29451426742289
14.359375 8.29538238766226
14.375 8.29625050790163
14.390625 8.297118628141
14.40625 8.29798674838037
14.421875 8.29885486861975
14.4375 8.29972298885912
14.453125 8.30059110909849
14.46875 8.30145922933787
14.484375 8.30232734957724
14.5 8.30319546981661
14.515625 8.30406359005598
14.53125 8.30493171029535
14.546875 8.30579983053473
14.5625 8.3066679507741
14.578125 8.30753607101347
14.59375 8.30840419125285
14.609375 8.30927231149222
14.625 8.31014043173159
14.640625 8.31100855197096
14.65625 8.31187667221034
14.671875 8.31274479244971
14.6875 8.31361291268908
14.703125 8.31448103292845
14.71875 8.31534915316783
14.734375 8.3162172734072
14.75 8.31708539364657
14.765625 8.31795351388594
14.78125 8.31882163412532
14.796875 8.31968975436469
14.8125 8.32055787460406
14.828125 8.32142599484343
14.84375 8.3222941150828
14.859375 8.32316223532218
14.875 8.32403035556155
14.890625 8.32489847580092
14.90625 8.3257665960403
14.921875 8.32663471627967
14.9375 8.32750283651904
14.953125 8.32837095675841
14.96875 8.32923907699779
14.984375 8.33010719723716
15 8.33097531747653
15.015625 8.3318434377159
15.03125 8.33271155795528
15.046875 8.33357967819465
15.0625 8.33444779843402
15.078125 8.33531591867339
15.09375 8.33618403891277
15.109375 8.33705215915214
15.125 8.33792027939151
15.140625 8.33878839963088
15.15625 8.33965651987026
15.171875 8.34052464010963
15.1875 8.341392760349
15.203125 8.34226088058837
15.21875 8.34312900082775
15.234375 8.34399712106712
15.25 8.34486524130649
15.265625 8.34573336154586
15.28125 8.34660148178524
15.296875 8.34746960202461
15.3125 8.34833772226398
15.328125 8.34920584250335
15.34375 8.35007396274273
15.359375 8.3509420829821
15.375 8.35181020322147
15.390625 8.35267832346084
15.40625 8.35354644370022
15.421875 8.35441456393959
15.4375 8.35528268417896
15.453125 8.35615080441833
15.46875 8.35701892465771
15.484375 8.35788704489708
