


# Radius 1
1 0
0.998026728428272 0.0627905195293134
0.992114701314478 0.125333233564304
0.982287250728689 0.187381314585725
0.968583161128631 0.248689887164855
0.951056516295154 0.309016994374947
0.929776485888251 0.368124552684678
0.90482705246602 0.425779291565073
0.876306680043864 0.481753674101715
0.844327925502015 0.535826794978997
0.809016994374947 0.587785252292473
0.770513242775789 0.63742398974869
0.728968627421412 0.684547105928689
0.684547105928689 0.728968627421412
0.63742398974869 0.770513242775789
0.587785252292473 0.809016994374947
0.535826794978997 0.844327925502015
0.481753674101715 0.876306680043864
0.425779291565073 0.90482705246602
0.368124552684678 0.929776485888251
0.309016994374947 0.951056516295154
0.248689887164855 0.968583161128631
0.187381314585725 0.982287250728689
0.125333233564304 0.992114701314478
0.0627905195293135 0.998026728428272
6.12303176911189E-17 1
-0.0627905195293134 0.998026728428272
-0.125333233564304 0.992114701314478
-0.187381314585725 0.982287250728689
-0.248689887164855 0.968583161128631
-0.309016994374947 0.951056516295154
-0.368124552684678 0.929776485888251
-0.425779291565073 0.904827052466019
-0.481753674101715 0.876306680043863
-0.535826794978997 0.844327925502015
-0.587785252292473 0.809016994374947
-0.63742398974869 0.770513242775789
-0.684547105928689 0.728968627421411
-0.728968627421411 0.684547105928689
-0.770513242775789 0.63742398974869
-0.809016994374947 0.587785252292473
-0.844327925502015 0.535826794978997
-0.876306680043864 0.481753674101715
-0.904827052466019 0.425779291565073
-0.929776485888251 0.368124552684678
-0.951056516295154 0.309016994374948
-0.968583161128631 0.248689887164855
-0.982287250728689 0.187381314585725
-0.992114701314478 0.125333233564305
-0.998026728428272 0.0627905195293136
-1 1.22460635382238E-16
-0.998026728428272 -0.0627905195293133
-0.992114701314478 -0.125333233564304
-0.982287250728689 -0.187381314585725
-0.968583161128631 -0.248689887164855
-0.951056516295154 -0.309016994374947
-0.929776485888251 -0.368124552684678
-0.90482705246602 -0.425779291565072
-0.876306680043863 -0.481753674101715
-0.844327925502015 -0.535826794978996
-0.809016994374948 -0.587785252292473
-0.770513242775789 -0.63742398974869
-0.728968627421412 -0.684547105928688
-0.684547105928689 -0.728968627421412
-0.63742398974869 -0.770513242775789
-0.587785252292473 -0.809016994374947
-0.535826794978996 -0.844327925502015
-0.481753674101715 -0.876306680043864
-0.425779291565072 -0.90482705246602
-0.368124552684678 -0.929776485888251
-0.309016994374948 -0.951056516295154
-0.248689887164854 -0.968583161128631
-0.187381314585725 -0.982287250728689
-0.125333233564305 -0.992114701314478
-0.0627905195293132 -0.998026728428272
-1.83690953073357E-16 -1
0.0627905195293128 -0.998026728428272
0.125333233564304 -0.992114701314478
0.187381314585724 -0.982287250728689
0.248689887164855 -0.968583161128631
0.309016994374947 -0.951056516295154
0.368124552684677 -0.929776485888252
0.425779291565072 -0.90482705246602
0.481753674101716 -0.876306680043863
0.535826794978997 -0.844327925502015
0.587785252292473 -0.809016994374948
0.637423989748689 -0.77051324277579
0.684547105928688 -0.728968627421412
0.728968627421411 -0.684547105928689
0.770513242775789 -0.63742398974869
0.809016994374947 -0.587785252292473
0.844327925502015 -0.535826794978997
0.876306680043863 -0.481753674101716
0.904827052466019 -0.425779291565073
0.929776485888251 -0.368124552684678
0.951056516295154 -0.309016994374948
0.968583161128631 -0.248689887164855
0.982287250728689 -0.187381314585725
0.992114701314478 -0.125333233564305
0.998026728428272 -0.0627905195293133
1 0



# Radius 2
2 0
1.99605345685654 0.125581039058627
1.98422940262896 0.250666467128609
1.96457450145738 0.374762629171449
1.93716632225726 0.49737977432971
1.90211303259031 0.618033988749895
1.8595529717765 0.736249105369356
1.80965410493204 0.851558583130145
1.75261336008773 0.963507348203431
1.68865585100403 1.07165358995799
1.61803398874989 1.17557050458495
1.54102648555158 1.27484797949738
1.45793725484282 1.36909421185738
1.36909421185738 1.45793725484282
1.27484797949738 1.54102648555158
1.17557050458495 1.61803398874989
1.07165358995799 1.68865585100403
0.96350734820343 1.75261336008773
0.851558583130145 1.80965410493204
0.736249105369356 1.8595529717765
0.618033988749895 1.90211303259031
0.497379774329709 1.93716632225726
0.374762629171449 1.96457450145738
0.250666467128609 1.98422940262896
0.125581039058627 1.99605345685654
1.22460635382238E-16 2
-0.125581039058627 1.99605345685654
-0.250666467128608 1.98422940262896
-0.374762629171449 1.96457450145738
-0.49737977432971 1.93716632225726
-0.618033988749894 1.90211303259031
-0.736249105369356 1.8595529717765
-0.851558583130145 1.80965410493204
-0.963507348203431 1.75261336008773
-1.07165358995799 1.68865585100403
-1.17557050458495 1.61803398874989
-1.27484797949738 1.54102648555158
-1.36909421185738 1.45793725484282
-1.45793725484282 1.36909421185738
-1.54102648555158 1.27484797949738
-1.61803398874989 1.17557050458495
-1.68865585100403 1.07165358995799
-1.75261336008773 0.96350734820343
-1.80965410493204 0.851558583130146
-1.8595529717765 0.736249105369356
-1.90211303259031 0.618033988749895
-1.93716632225726 0.49737977432971
-1.96457450145738 0.374762629171449
-1.98422940262896 0.250666467128609
-1.99605345685654 0.125581039058627
-2 2.44921270764475E-16
-1.99605345685654 -0.125581039058627
-1.98422940262896 -0.250666467128609
-1.96457450145738 -0.37476262917145
-1.93716632225726 -0.497379774329709
-1.90211303259031 -0.618033988749895
-1.8595529717765 -0.736249105369356
-1.80965410493204 -0.851558583130145
-1.75261336008773 -0.963507348203431
-1.68865585100403 -1.07165358995799
-1.6180339887499 -1.17557050458495
-1.54102648555158 -1.27484797949738
-1.45793725484282 -1.36909421185738
-1.36909421185738 -1.45793725484282
-1.27484797949738 -1.54102648555158
-1.17557050458495 -1.61803398874989
-1.07165358995799 -1.68865585100403
-0.963507348203431 -1.75261336008773
-0.851558583130144 -1.80965410493204
-0.736249105369356 -1.8595529717765
-0.618033988749895 -1.90211303259031
-0.497379774329709 -1.93716632225726
-0.374762629171449 -1.96457450145738
-0.250666467128609 -1.98422940262896
-0.125581039058626 -1.99605345685654
-3.67381906146713E-16 -2
0.125581039058626 -1.99605345685654
0.250666467128608 -1.98422940262896
0.374762629171449 -1.96457450145738
0.49737977432971 -1.93716632225726
0.618033988749894 -1.90211303259031
0.736249105369355 -1.8595529717765
0.851558583130144 -1.80965410493204
0.963507348203431 -1.75261336008773
1.07165358995799 -1.68865585100403
1.17557050458495 -1.6180339887499
1.27484797949738 -1.54102648555158
1.36909421185738 -1.45793725484282
1.45793725484282 -1.36909421185738
1.54102648555158 -1.27484797949738
1.61803398874989 -1.17557050458495
1.68865585100403 -1.07165358995799
1.75261336008773 -0.963507348203432
1.80965410493204 -0.851558583130146
1.8595529717765 -0.736249105369356
1.90211303259031 -0.618033988749895
1.93716632225726 -0.497379774329711
1.96457450145738 -0.374762629171449
1.98422940262896 -0.250666467128609
1.99605345685654 -0.125581039058627
2 0



# Radius 3
3 0
2.99408018528481 0.18837155858794
2.97634410394343 0.375999700692913
2.94686175218607 0.562143943757174
2.90574948338589 0.746069661494564
2.85316954888546 0.927050983124842
2.78932945766475 1.10437365805403
2.71448115739806 1.27733787469522
2.62892004013159 1.44526102230515
2.53298377650605 1.60748038493699
2.42705098312484 1.76335575687742
2.31153972832737 1.91227196924607
2.18690588226423 2.05364131778607
2.05364131778607 2.18690588226423
1.91227196924607 2.31153972832737
1.76335575687742 2.42705098312484
1.60748038493699 2.53298377650605
1.44526102230515 2.62892004013159
1.27733787469522 2.71448115739806
1.10437365805403 2.78932945766475
0.927050983124842 2.85316954888546
0.746069661494564 2.90574948338589
0.562143943757174 2.94686175218607
0.375999700692913 2.97634410394343
0.188371558587941 2.99408018528481
1.83690953073357E-16 3
-0.18837155858794 2.99408018528481
-0.375999700692912 2.97634410394343
-0.562143943757174 2.94686175218607
-0.746069661494565 2.90574948338589
-0.927050983124841 2.85316954888546
-1.10437365805403 2.78932945766475
-1.27733787469522 2.71448115739806
-1.44526102230515 2.62892004013159
-1.60748038493699 2.53298377650605
-1.76335575687742 2.42705098312484
-1.91227196924607 2.31153972832737
-2.05364131778607 2.18690588226423
-2.18690588226423 2.05364131778607
-2.31153972832737 1.91227196924607
-2.42705098312484 1.76335575687742
-2.53298377650604 1.60748038493699
-2.62892004013159 1.44526102230515
-2.71448115739806 1.27733787469522
-2.78932945766475 1.10437365805403
-2.85316954888546 0.927050983124843
-2.90574948338589 0.746069661494566
-2.94686175218607 0.562143943757174
-2.97634410394343 0.375999700692914
-2.99408018528481 0.188371558587941
-3 3.67381906146713E-16
-2.99408018528481 -0.18837155858794
-2.97634410394343 -0.375999700692913
-2.94686175218607 -0.562143943757174
-2.90574948338589 -0.746069661494564
-2.85316954888546 -0.927050983124842
-2.78932945766475 -1.10437365805403
-2.71448115739806 -1.27733787469522
-2.62892004013159 -1.44526102230515
-2.53298377650605 -1.60748038493699
-2.42705098312484 -1.76335575687742
-2.31153972832737 -1.91227196924607
-2.18690588226424 -2.05364131778607
-2.05364131778607 -2.18690588226423
-1.91227196924607 -2.31153972832737
-1.76335575687742 -2.42705098312484
-1.60748038493699 -2.53298377650605
-1.44526102230515 -2.62892004013159
-1.27733787469522 -2.71448115739806
-1.10437365805403 -2.78932945766475
-0.927050983124843 -2.85316954888546
-0.746069661494563 -2.90574948338589
-0.562143943757174 -2.94686175218607
-0.375999700692914 -2.97634410394343
-0.18837155858794 -2.99408018528481
-5.5107285922007E-16 -3
0.188371558587938 -2.99408018528481
0.375999700692913 -2.97634410394343
0.562143943757173 -2.94686175218607
0.746069661494565 -2.90574948338589
0.927050983124842 -2.85316954888546
1.10437365805403 -2.78932945766475
1.27733787469522 -2.71448115739806
1.44526102230515 -2.62892004013159
1.60748038493699 -2.53298377650605
1.76335575687742 -2.42705098312484
1.91227196924607 -2.31153972832737
2.05364131778606 -2.18690588226424
2.18690588226423 -2.05364131778607
2.31153972832737 -1.91227196924607
2.42705098312484 -1.76335575687742
2.53298377650604 -1.60748038493699
2.62892004013159 -1.44526102230515
2.71448115739806 -1.27733787469522
2.78932945766475 -1.10437365805403
2.85316954888546 -0.927050983124843
2.90574948338589 -0.746069661494566
2.94686175218607 -0.562143943757174
2.97634410394343 -0.375999700692914
2.99408018528481 -0.18837155858794
3 0



# Radius 4
4 0
3.99210691371309 0.251162078117253
3.96845880525791 0.501332934257217
3.92914900291475 0.749525258342898
3.87433264451452 0.994759548659419
3.80422606518061 1.23606797749979
3.71910594355301 1.47249821073871
3.61930820986408 1.70311716626029
3.50522672017545 1.92701469640686
3.37731170200806 2.14330717991599
3.23606797749979 2.35114100916989
3.08205297110316 2.54969595899476
2.91587450968565 2.73818842371475
2.73818842371475 2.91587450968565
2.54969595899476 3.08205297110316
2.35114100916989 3.23606797749979
2.14330717991599 3.37731170200806
1.92701469640686 3.50522672017545
1.70311716626029 3.61930820986408
1.47249821073871 3.71910594355301
1.23606797749979 3.80422606518061
0.994759548659419 3.87433264451452
0.749525258342899 3.92914900291475
0.501332934257218 3.96845880525791
0.251162078117254 3.99210691371309
2.44921270764475E-16 4
-0.251162078117254 3.99210691371309
-0.501332934257217 3.96845880525791
-0.749525258342898 3.92914900291475
-0.994759548659419 3.87433264451452
-1.23606797749979 3.80422606518061
-1.47249821073871 3.71910594355301
-1.70311716626029 3.61930820986408
-1.92701469640686 3.50522672017545
-2.14330717991599 3.37731170200806
-2.35114100916989 3.23606797749979
-2.54969595899476 3.08205297110316
-2.73818842371475 2.91587450968565
-2.91587450968565 2.73818842371476
-3.08205297110316 2.54969595899476
-3.23606797749979 2.35114100916989
-3.37731170200806 2.14330717991599
-3.50522672017545 1.92701469640686
-3.61930820986408 1.70311716626029
-3.71910594355301 1.47249821073871
-3.80422606518061 1.23606797749979
-3.87433264451452 0.994759548659421
-3.92914900291475 0.749525258342898
-3.96845880525791 0.501332934257218
-3.99210691371309 0.251162078117254
-4 4.89842541528951E-16
-3.99210691371309 -0.251162078117253
-3.96845880525791 -0.501332934257217
-3.92914900291475 -0.749525258342899
-3.87433264451452 -0.994759548659418
-3.80422606518061 -1.23606797749979
-3.71910594355301 -1.47249821073871
-3.61930820986408 -1.70311716626029
-3.50522672017545 -1.92701469640686
-3.37731170200806 -2.14330717991599
-3.23606797749979 -2.35114100916989
-3.08205297110316 -2.54969595899476
-2.91587450968565 -2.73818842371475
-2.73818842371475 -2.91587450968565
-2.54969595899476 -3.08205297110316
-2.35114100916989 -3.23606797749979
-2.14330717991599 -3.37731170200806
-1.92701469640686 -3.50522672017545
-1.70311716626029 -3.61930820986408
-1.47249821073871 -3.71910594355301
-1.23606797749979 -3.80422606518061
-0.994759548659418 -3.87433264451452
-0.749525258342899 -3.92914900291475
-0.501332934257218 -3.96845880525791
-0.251162078117253 -3.99210691371309
-7.34763812293426E-16 -4
0.251162078117251 -3.99210691371309
0.501332934257217 -3.96845880525791
0.749525258342897 -3.92914900291475
0.99475954865942 -3.87433264451452
1.23606797749979 -3.80422606518061
1.47249821073871 -3.71910594355301
1.70311716626029 -3.61930820986408
1.92701469640686 -3.50522672017545
2.14330717991599 -3.37731170200806
2.35114100916989 -3.23606797749979
2.54969595899476 -3.08205297110316
2.73818842371475 -2.91587450968565
2.91587450968564 -2.73818842371476
3.08205297110316 -2.54969595899476
3.23606797749979 -2.35114100916989
3.37731170200806 -2.14330717991599
3.50522672017545 -1.92701469640686
3.61930820986408 -1.70311716626029
3.71910594355301 -1.47249821073871
3.80422606518061 -1.23606797749979
3.87433264451452 -0.994759548659421
3.92914900291475 -0.749525258342899
3.96845880525791 -0.501332934257219
3.99210691371309 -0.251162078117253
4 0



# Radius 5
5 0
4.99013364214136 0.313952597646567
4.96057350657239 0.626666167821521
4.91143625364344 0.936906572928623
4.84291580564316 1.24344943582427
4.75528258147577 1.54508497187474
4.64888242944126 1.84062276342339
4.5241352623301 2.12889645782536
4.38153340021932 2.40876837050858
4.22163962751008 2.67913397489498
4.04508497187474 2.93892626146237
3.85256621387895 3.18711994874345
3.64484313710706 3.42273552964344
3.42273552964344 3.64484313710706
3.18711994874345 3.85256621387895
2.93892626146237 4.04508497187474
2.67913397489498 4.22163962751008
2.40876837050858 4.38153340021932
2.12889645782536 4.5241352623301
1.84062276342339 4.64888242944126
1.54508497187474 4.75528258147577
1.24344943582427 4.84291580564316
0.936906572928624 4.91143625364344
0.626666167821522 4.96057350657239
0.313952597646568 4.99013364214136
3.06151588455594E-16 5
-0.313952597646567 4.99013364214136
-0.626666167821521 4.96057350657239
-0.936906572928623 4.91143625364344
-1.24344943582427 4.84291580564316
-1.54508497187474 4.75528258147577
-1.84062276342339 4.64888242944126
-2.12889645782536 4.5241352623301
-2.40876837050858 4.38153340021932
-2.67913397489498 4.22163962751007
-2.93892626146237 4.04508497187474
-3.18711994874345 3.85256621387895
-3.42273552964344 3.64484313710706
-3.64484313710706 3.42273552964344
-3.85256621387895 3.18711994874345
-4.04508497187474 2.93892626146237
-4.22163962751007 2.67913397489498
-4.38153340021932 2.40876837050858
-4.5241352623301 2.12889645782536
-4.64888242944126 1.84062276342339
-4.75528258147577 1.54508497187474
-4.84291580564315 1.24344943582428
-4.91143625364344 0.936906572928623
-4.96057350657239 0.626666167821523
-4.99013364214136 0.313952597646568
-5 6.12303176911189E-16
-4.99013364214136 -0.313952597646567
-4.96057350657239 -0.626666167821521
-4.91143625364344 -0.936906572928624
-4.84291580564316 -1.24344943582427
-4.75528258147577 -1.54508497187474
-4.64888242944126 -1.84062276342339
-4.5241352623301 -2.12889645782536
-4.38153340021932 -2.40876837050858
-4.22163962751008 -2.67913397489498
-4.04508497187474 -2.93892626146236
-3.85256621387895 -3.18711994874345
-3.64484313710706 -3.42273552964344
-3.42273552964344 -3.64484313710706
-3.18711994874345 -3.85256621387895
-2.93892626146237 -4.04508497187474
-2.67913397489498 -4.22163962751008
-2.40876837050858 -4.38153340021932
-2.12889645782536 -4.5241352623301
-1.84062276342339 -4.64888242944126
-1.54508497187474 -4.75528258147577
-1.24344943582427 -4.84291580564316
-0.936906572928623 -4.91143625364344
-0.626666167821523 -4.96057350657239
-0.313952597646566 -4.99013364214136
-9.18454765366783E-16 -5
0.313952597646564 -4.99013364214136
0.626666167821521 -4.96057350657239
0.936906572928621 -4.91143625364344
1.24344943582427 -4.84291580564316
1.54508497187474 -4.75528258147577
1.84062276342339 -4.64888242944126
2.12889645782536 -4.5241352623301
2.40876837050858 -4.38153340021932
2.67913397489498 -4.22163962751007
2.93892626146236 -4.04508497187474
3.18711994874345 -3.85256621387895
3.42273552964344 -3.64484313710706
3.64484313710706 -3.42273552964344
3.85256621387895 -3.18711994874345
4.04508497187474 -2.93892626146237
4.22163962751007 -2.67913397489499
4.38153340021932 -2.40876837050858
4.5241352623301 -2.12889645782536
4.64888242944126 -1.84062276342339
4.75528258147577 -1.54508497187474
4.84291580564315 -1.24344943582428
4.91143625364344 -0.936906572928623
4.96057350657239 -0.626666167821523
4.99013364214136 -0.313952597646566
5 0
