0 1 0
0.0208348086605693 0.999131821496155 -0.0831655989415083
0.0407864321623155 0.996680399954357 -0.16234631134999
0.0601546460482274 0.992794367062187 -0.238662980220679
0.0791120711545628 0.987564919898422 -0.312728846929164
0.0977597477797178 0.981057304751571 -0.384872994931488
0.116157691306638 0.973325315432243 -0.455263797673007
0.134342330870273 0.964417841476067 -0.523979488757525
0.15233665708412 0.954381601013985 -0.591049112958779
0.170156155257013 0.943262072077015 -0.656476254966424
0.187812246772753 0.931103631624569 -0.720252556125771
0.205314244294907 0.917949404767461 -0.782365149161794
0.222670423358929 0.903841062313406 -0.842800503049105
0.239888575955792 0.888818666628362 -0.901546195919485
0.256976268237665 0.87292059588058 -0.95859153769421
0.273940936193235 0.856183543975954 -1.01392759434586
0.290789898547119 0.838642580582369 -1.06754693606342
0.307530332515913 0.820331252787995 -1.11944329022585
0.324169237590365 0.801281711684592 -1.16961119455483
0.340713400298086 0.781524850581157 -1.21804569541671
0.357169365813819 0.761090445167123 -1.26474210766942
0.373543418339879 0.740007289110055 -1.30969583717161
0.389841570122498 0.718303321080076 -1.35290225967865
0.406069558015549 0.696005741046123 -1.39435664696191
0.422232846167764 0.673141114982309 -1.43405413053998
0.43833663340171 0.649735467975623 -1.47198969416879
0.454385864001044 0.625814366252661 -1.5081581874982
0.470385240830149 0.601402988938455 -1.54255435467494
0.486339239925145 0.576526190499076 -1.5751728729635
0.502252125892195 0.551208554856721 -1.60600839758061
0.518127967617523 0.525474442140777 -1.63505560987277
0.533970653931723 0.499348028977801 -1.66230926671636
0.549783908980563 0.472853343145566 -1.68776424960835
0.565571307139447 0.446014293332603 -1.71141561236797
0.581336287373162 0.418854694662165 -1.73325862671189
0.597082166990482 0.391398290562122 -1.75328882522044
0.612812154778236 0.363668771492064 -1.77150204139928
0.628529363524534 0.335689790976535 -1.78789444667611
0.644236821958312 0.307484979338989 -1.80246258426775
0.659937486144276 0.279077955484215 -1.81520339991944
0.67563425038004 0.250492337037192 -1.82611426956268
0.691329957646948 0.221751749112771 -1.83519302396737
0.707027409668694 0.192879831962714 -1.84243797048112
0.722729376632892 0.163900247723669 -1.84784791195873
0.73843860663084 0.134836686471269 -1.85142216298889
0.754157834870049 0.105712871770964 -1.85316056352639
0.769889792713053 0.0765525659053371 -1.85306349003673
0.785637216594592 0.047379574949922 -1.85113186425898
0.801402856867672 0.0182177538648635 -1.84736715969088
0.817189486627174 -0.0109089882321049 -1.84177140590054
0.832999910557686 -0.039976682445072 -1.83434719077073
0.8488369738499 -0.0689612939619764 -1.82509766078694
0.864703571227223 -0.0978387152233795 -1.81402651948899
0.880602656120892 -0.12658475821333 -1.80113802422001
0.896537250027777 -0.155175145676143 -1.78643698132662
0.912510452079673 -0.183585501048521 -1.76992873999276
0.928525448845964 -0.211791336879055 -1.75161918492785
0.94458552438237 -0.239768041486606 -1.73151472818171
0.960694070526437 -0.267490863585272 -1.70962230042636
0.976854597424412 -0.294934894576461 -1.68594934213312
0.993070744253052 -0.322075048178075 -1.66050379518837
1.00934629007194 -0.348886037027094 -1.63329409563911
1.0256851647052 -0.375342345855327 -1.60432916844939
1.04209145950303 -0.401418200799685 -1.57361842539258
1.05856943777038 -0.427087534369344 -1.54117176751524
1.0751235445672 -0.45232394555507 -1.50699959400556
1.09175841547711 -0.477100654534474 -1.4711128198037
1.10847888380187 -0.501390451406646 -1.43352290493135
1.12528998545847 -0.525165638389139 -1.39424189932616
1.14219696062433 -0.548397964942048 -1.35328250798271
1.15920525088048 -0.571058555366241 -1.31065818247178
1.1763204902282 -0.593117828581617 -1.26638324648246
1.19354848788592 -0.614545410063455 -1.22047306495863
1.210895200194 -0.635310036351497 -1.17294426872399
1.22836668825276 -0.655379453217111 -1.12381504922859
1.24596905709061 -0.674720309571508 -1.07310554117434
1.26370837121848 -0.693298050642203 -1.0208383141681
1.28159054042222 -0.711076815982948 -0.967038997930499
1.29962116868117 -0.728019350682807 -0.911737068427421
1.31780535837229 -0.744086941872046 -0.854966823674901
1.33614746174956 -0.759239397409962 -0.796768576439257
1.35465077257934 -0.773435089474454 -0.737190084450938
1.37331715346937 -0.786631092370019 -0.676288224127631
1.39214659975176 -0.798783450455223 -0.614130887580679
1.41113674972559 -0.809847617134574 -0.550799041281359
1.43028236433722 -0.819779106845361 -0.486388826052799
1.4495748168414 -0.828534395366077 -0.421013503817244
1.46900165285628 -0.83607208552732 -0.354804975818146
1.48854629925554 -0.842354322303908 -0.287914529180909
1.50818800964347 -0.847348393270469 -0.220512443416202
1.52790212646352 -0.851028393394918 -0.152786139806973
1.54766070870426 -0.853376780463144 -0.0849367084945866
1.56743351974001 -0.85438561793499 -0.0171738953104628
1.5871893019984 -0.854057313470393 0.050290074358331
1.60689720266821 -0.852404720928505 0.117247197185341
1.62652817840656 -0.84945057116747 0.183500144490223
1.64605621014833 -0.845226306392092 0.248867729035533
1.66545920043976 -0.839770482642916 0.313188850083294
1.68471949041876 -0.833126952136412 0.376324675726757
1.70382400092392 -0.825343035382597 0.438159119105206
1.72276405478802 -0.81646785253896 0.498597890901354
1.7415349665706 -0.806550923259649 0.557566530107842
1.76013549231111 -0.7956410830629 0.615007833661912
1.77856722158504 -0.783785714616675 0.670879052586796
1.79683397512755 -0.771030259539248 0.725149133311123
1.81494125025044 -0.757417959744865 0.777796187260785
1.83289573751851 -0.742989773342251 0.828805288061365
1.85070491765475 -0.727784414107436 0.878166631862682
1.86837673772981 -0.711838471658942 0.925874053272448
1.88591935975928 -0.69518657882556 0.971923864117397
1.90334097192524 -0.677861601590114 1.01631397028685
1.92064965179659 -0.659894834565195 1.05904321890236
1.93785327134516 -0.641316190940807 1.10011093043351
1.95495943464978 -0.622154380305003 1.13951657554315
1.97197544054834 -0.602437070900729 1.17725956266701
1.98890826389397 -0.582191035015784 1.21333910856764
2.00576455035928 -0.561442277566219 1.24775416978955
2.02255062085077 -0.540216148745758 1.2805034178365
2.03927248252709 -0.518537442047597 1.31158524493909
2.05593584416664 -0.496430479149571 1.34099779053167
2.07254613422438 -0.473919183182052 1.36873898111066
2.08910852037717 -0.451027141834288 1.39480657811613
2.10562792970759 -0.427777661642273 1.41919822997612
2.12210906894005 -0.404193814667301 1.44191152557653
2.13855644433841 -0.3802984786362 1.46294404725374
2.15497438101813 -0.356114371481859 1.48229342201868
2.1713670415299 -0.331664081101194 1.49995737016597
2.187738443646 -0.30697009103955 1.51593375074014
2.20409247733329 -0.282054802716133 1.53022060355727
2.22043292093253 -0.256940554724015 1.54281618763792
2.23676345658856 -0.231649639669344 1.55371901601471
2.25308768499172 -0.206204318956649 1.56292788694989
2.26940913950093 -0.180626835878965 1.57044191164412
2.28573129972475 -0.154939427332039 1.57626053854542
2.3020576046395 -0.12916433443976 1.58038357438275
2.31839146532472 -0.103323812352464 1.58281120205535
2.3347362773957 -0.0774401394599757 1.58354399551085
2.35109543321191 -0.0515356262466302 1.58258293174372
2.36747233393815 -0.0256326240055129 1.57992940004309
2.38387040153354 0.000246466376602326 1.57558520861728
2.40029309074065 0.0260791853538757 1.56955258872146
2.41674390114482 0.0518430051637692 1.56183419641788
2.43322638937001 0.0775153195594968 1.55243311210445
2.44974418147396 0.103073432605267 1.54135283796007
2.46630098560037 0.128494546293541 1.52859729347473
2.48290060493933 0.153755746726004 1.51417080926166
2.499546951039 0.178833988578232 1.49807811939029
2.5162440574998 0.203706077541815 1.4803243525358
2.53299609406726 0.228348650406798 1.46091502231795
2.54980738111862 0.252738152411473 1.43985601730464
2.56668240451029 0.276850811445653 1.41715359129137
2.58362583071496 0.300662608647685 1.39281435464549
2.60064252212644 0.324149244884994 1.36684526773709
2.61773755234131 0.347286102553696 1.33925363778083
2.63491622113537 0.370048202076718 1.31004712080604
2.65218406873081 0.392410152424694 1.27923373098118
2.66954688878906 0.414346094934834 1.24682186017511
2.68701073935082 0.435829639667778 1.21282031148305
2.70458195066567 0.45683379353323 1.17723835152808
2.72226712848808 0.477330879450424 1.1400857877313
2.74007315094288 0.497292445916353 1.10137307849458
2.75800715645466 0.516689166573275 1.06111148643845
2.77607651946133 0.535490729754848 1.01931328756313
2.7942888096649 0.553665718628879 0.975992052520256
2.81265172938729 0.571181483557149 0.931163020123364
2.83117302219424 0.588004009811449 0.88484358772591
2.84986034435828 0.60409778601744 0.837053947930563
2.86872108906406 0.619425681886574 0.787817905743101
2.88776215174662 0.63394884821086 0.737163913755927
2.90698962403031 0.647626657984677 0.685126363524045
2.9264084041195 0.660416715004579 0.631747166256654
2.94602171427496 0.67227496518395 0.577077641322821
2.96583052267894 0.683155955274355 0.521180701673566
2.98583287929003 0.693013291820368 0.464133275386087
3.00602319473787 0.701800356595123 0.406028827764866
3.02639151822211 0.709471328376742 0.346979749446654
3.04692290233978 0.715982538516056 0.287119263850787
3.06759697295725 0.721294143983631 0.226602409087375
3.08838783882646 0.725372035795728 0.165605609164055
3.1092644639293 0.728189821535299 0.104324418874117
3.13019157421091 0.729730648683466 0.0429692421445413
3.15113108038566 0.729988599692362 -0.0182408265919579
3.17204388925554 0.728969415959195 -0.0790854830059522
3.19289188198078 0.726690402961404 -0.139351129490805
3.21363979399664 0.723179511374862 -0.198838210754474
3.23425675495405 0.718473735511287 -0.257367074613087
3.25471732811289 0.712617075358296 -0.314781794536685
3.27500199602496 0.705658345554599 -0.370951806349478
3.29509713793513 0.697649085478174 -0.42577158110439
3.31499461019212 0.68864175228777 -0.479158793815671
3.33469106734914 0.678688292899411 -0.531051533304906
3.3541871554804 0.667839115155112 -0.581405062174298
3.3734866835784 0.656142425065105 -0.630188529265431
3.39259584631536 0.643643867807308 -0.677381907917266
3.41152254073106 0.630386400686347 -0.722973314516171
3.43027579500805 0.616410329827699 -0.766956769120023
3.44886531056554 0.60175345282343 -0.809330396746275
3.4673011084763 0.586451262301945 -0.850095030598824
3.48559326612804 0.570537177680254 -0.889253160706142
3.50375172847292 0.554042782801837 -0.926808166706366
3.52178617875969 0.536998055334785 -0.962763776539643
3.539705955308 0.519431579802351 -0.997123699756331
3.55752000298977 0.501370740281813 -1.02989139251462
3.5752368502217 0.482841891543661 -1.06106991964417
3.59286460422825 0.463870509091645 -1.09066188662978
3.61041095901293 0.444481319520696 -1.11866942071177
3.62788321185414 0.424698413077716 -1.14509418546476
3.64528828524082 0.404545340467399 -1.16993741729826
3.66263275201651 0.384045195915961 -1.19319997547465
3.67992286215233 0.363220688373475 -1.21488239963003
3.69716457005703 0.34209420255449 -1.23498497056712
3.71436356169394 0.320687851320064 -1.25350777140298
3.73152528103748 0.299023520711947 -1.27045074710922
3.7486549555914 0.277122908771694 -1.28581376116878
3.76575762082546 0.255007559118986 -1.29959664855938
3.78283814348091 0.232698890125527 -1.31179926461412
3.79990124375962 0.210218220403247 -1.32242152954315
3.81695151645497 0.187586791226449 -1.33146346855768
3.83399345111054 0.164825786425142 -1.3389252476397
3.85103145131012 0.141956350219038 -1.3448072050655
3.86806985321297 0.118999603406654 -1.3491098788283
3.88511294345315 0.0959766582799217 -1.35183403012477
3.9021649765239 0.0729086326003117 -1.3529806630783
3.91923019176785 0.0498166629463473 -1.35255104087203
3.93631283009214 0.0267219177237666 -1.35054669846154
3.95341715052538 0.00364561011756276 -1.34696945203267
3.97054744673021 -0.0193909887407179 -1.34182140536659
3.98770806358196 -0.0423665361171329 -1.33510495327355
4.00490341391962 -0.0652596032521687 -1.32682278226132
4.02213799557043 -0.0880486598804082 -1.31697786861531
4.03941640874337 -0.110712057386537 -1.30557347408778
4.05674337387812 -0.133228010268677 -1.29261313942574
4.07412375002521 -0.155574575551351 -1.27810067601536
4.09156255381771 -0.177729629755208 -1.26204015598904
4.10906497907313 -0.199670842988434 -1.24443590123627
4.12663641703497 -0.22137564967527 -1.22529247188878
4.14428247722208 -0.242821215379817 -1.20461465502523
4.1620090087974 -0.26398439911836 -1.18240745457373
4.17982212228966 -0.284841710481148 -1.15867608370102
4.19772821139495 -0.305369260806097 -1.13342596138751
4.21573397443985 -0.325542707564739 -1.10666271542954
4.23384643489023 -0.345337191039491 -1.07839219482287
4.25207296002405 -0.364727262298588 -1.04862049541645
4.27042127652796 -0.383686801423644 -1.01735400394751
4.28889948129971 -0.402188924934605 -0.984599467159615
4.30751604510292 -0.420205881419071 -0.950364094763023
4.32627980588438 -0.437708934554607 -0.914655707638782
4.345199947474 -0.454668233084362 -0.877482946042721
4.36428595798696 -0.471052667971265 -0.838855556759545
4.38354756048255 -0.486829718062786 -0.798784783284102
4.40299460627163 -0.501965287354171 -0.757283889167108
4.42263691872107 -0.516423539623494 -0.714368851457138
4.4424840726062 -0.530166740185688 -0.670059268122494
4.46254509133221 -0.543155120198173 -0.624379529211736
4.48282804233998 -0.555346786773497 -0.577360304020321
4.50333951089613 -0.56669771239202 -0.529040391828438
4.52408393610684 -0.577161849588763 -0.479468965992571
4.5450628030462 -0.586691430479803 -0.428708202320437
4.5662737045802 -0.595237522564115 -0.376836213602438
4.58770931868671 -0.602750917057288 -0.32395010577088
4.60935639237987 -0.60918341560821 -0.270168828662437
4.63119487681089 -0.614489545710216 -0.215635334979924
4.65319740599372 -0.618628666657061 -0.160517431141846
4.67532933068818 -0.621567327883154 -0.10500667667205
4.69754948261376 -0.623281628365546 -0.0493148437705715
4.71981173682578 -0.623759237195146 0.00633217587927298
4.74206727483894 -0.623000717759092 0.0617025888828247
4.76426727618394 -0.621019881731773 0.11656806975093
4.78636564820221 -0.617843074352336 0.170712972537282
4.80832139284452 -0.613507504875765 0.223942091730639
4.83010030840412 -0.608058911830676 0.276086044750342
4.85167588960653 -0.601548937132262 0.327003908265488
4.87302945770091 -0.594032565069205 0.376583287488139
4.89414967316005 -0.585565890413694 0.424738375493773
4.9150316381959 -0.576204359915712 0.471406715365308
4.93567579310289 -0.566001522271721 0.516545346798248
4.95608677166393 -0.555008244390921 0.560126877073486
4.97627232904065 -0.543272310236893 0.602135838361862
4.99624240652111 -0.530838305973875 0.642565529667711
5.01600835906063 -0.517747701295724 0.681415416225749
5.03558234556021 -0.504039052263067 0.718689076184222
5.0549768667534 -0.489748269039456 0.754392637734704
5.07420442862752 -0.474908908727165 0.788533629642864
5.09327730769079 -0.459552467324792 0.821120164897301
5.11220739585286 -0.443708655274338 0.852160383445168
5.13100610562006 -0.427405648448858 0.881662090553462
5.1496843197064 -0.410670311342237 0.909632539020579
5.16825237245434 -0.393528392284563 0.936078314501273
5.18672005336577 -0.376004692266334 0.961005292785672
5.20509662546446 -0.358123209843894 0.984418645745133
5.22339085314928 -0.339907264934955 1.00632287888744
5.24161103570215 -0.321379604319441 1.02672188825637
5.25976504375768 -0.302562491485722 1.04561902801646
5.27786035689165 -0.283477783201043 1.06301718272713
5.2959041011086 -0.264146994895503 1.0789188402469
5.31390308545747 -0.244591356664844 1.09332616259573
5.33186383732347 -0.224831861435948 1.10624105308358
5.34979263616727 -0.204889306608031 1.11766521869486
5.36769554563599 -0.184784330284056 1.12760022718521
5.38557844407381 -0.164537443039559 1.13604755865938
5.40344705352788 -0.144169056037233 1.14300865160307
5.42130696738841 -0.123699506181857 1.14848494346958
5.4391636768276 -0.103149078918219 1.15247790599803
5.45702259621715 -0.0825380292014181 1.154989075481
5.47488908771056 -0.0618866011117642 1.15602007821674
5.49276848517872 -0.0412150465431163 1.15557265138497
5.51066611768658 -0.0205436433621511 1.15364865958059
5.52858733269541 0.000107286584631092 1.15025010723165
5.54653751917181 0.020717359250436 1.14537914712055
5.56452213077928 0.0412661095906425 1.13903808522327
5.58254670932283 0.0617329718181958 1.13122938208373
5.60061690861008 0.0820972583270697 1.12195565095197
5.61873851888292 0.102338136875563 1.11121965293967
5.63691749196231 0.122434605588941 1.09902428948808
5.65515996723117 0.142365465299314 1.08537259250862
5.67347229855693 0.162109288688967 1.07026771265109
5.69186108222059 0.181644385640953 1.05371290628945
5.71033318587056 0.200948764126829 1.03571152200299
5.72889577844992 0.220000085875517 1.01626698758839
5.74755636094737 0.238775615969193 0.99538279898939
5.76632279768407 0.257252165402745 0.973062513005522
5.78520334765493 0.275406025524768 0.949309746281076
5.80420669517445 0.293212893155283 0.92412818393352
5.82334197870478 0.310647785057113 0.897521602328582
5.84261881623243 0.327684940339672 0.869493912039085
5.86204732485983 0.344297709321576 0.840049229055207
5.88163813132729 0.360458427413337 0.809191984993915
5.90140236890027 0.376138272768944 0.776927090565657
5.92135165434957 0.391307106896156 0.74326017110447
5.94149803650977 0.405933298262549 0.70819789876905
5.96185390501398 0.419983530413412 0.671748453254307
5.98243184419171 0.433422598553038 0.633922151559542
6.00324441279429 0.44621320238185 0.594732297271717
6.02430382539569 0.458315748815584 0.554196310045727
6.0456215066192 0.469688186739475 0.512337204471147
6.06720748606467 0.48028590786479 0.469185490406411
6.08906960233706 0.490061763445684 0.424781557436274
6.11121249275961 0.498966265552566 0.379178574053132
6.13363636663114 0.506948061297379 0.332445863669229
6.15633560049118 0.513954782988514 0.284672600006057
6.17929725819702 0.519934376074035 0.235971485908143
6.20249972398354 0.524836974835746 0.186481855283238
6.22591172596521 0.528617317710154 0.136371419974633
6.24949208427958 0.531237564290612 0.0858357735065219
6.27319049233434 0.532670213329783 0.0350948921707476
6.29694949231476 0.532900677697585 -0.0156136684920994
6.32070754565046 0.531929022283832 -0.0660444421855249
6.34440280308999 0.529770471093061 -0.115955349122465
6.36797696911111 0.526454533895081 -0.165118867483645
6.39137862848666 0.522022908273109 -0.213331330454045
6.4145655682308 0.516526562278788 -0.260419127704357
6.43750590440098 0.510022511207035 -0.306241393576266
6.46017809439299 0.502570757913851 -0.350689518590772
6.48257009654642 0.494231721367053 -0.393684300571265
6.5046780053626 0.48506430541832 -0.435171702713787
6.52650446586685 0.475124614955464 -0.475118085532742
6.54805709691912 0.464465234261208 -0.51350555169861
6.56934706815454 0.453134941441568 -0.550327793038183
6.59038790168261 0.441178729101774 -0.585586619462722
6.61119451666918 0.428638018726277 -0.619289202485546
6.63178250235523 0.415550981561176 -0.651445978401545
6.65216758864048 0.401952904163187 -0.682069114358716
6.67236527788776 0.387876558245124 -0.71117142895461
6.69239060261765 0.373352550811708 -0.738765664730493
6.71225797802018 0.358409642111923 -0.764864023887816
6.73198112363421 0.343075026519329 -0.789477895019215
6.7515730339506 0.327374576095353 -0.812617714491732
6.77104598250065 0.311333049186939 -0.834292919890487
6.7904115479843 0.294974267662732 -0.85451196417501
6.80968065416206 0.27832126681345 -0.873282367997812
6.82886361766968 0.261396421883728 -0.890610794304306
6.84797019973614 0.24422155489402 -0.906503134266516
6.86700965912141 0.226818024994619 -0.920964597178123
6.88599080455068 0.209206805153356 -0.933999799483331
6.90492204560135 0.191408547559547 -0.945612849893228
6.92381144147106 0.173443639751423 -0.955807428769092
6.94266674737811 0.155332253150292 -0.964586860779939
6.96149545856094 0.137094385412381 -0.971954180388596
6.98030485198458 0.118749897784708 -0.977912190071782
6.99910202595086 0.100318548469039 -0.982463511396344
7.01789393786309 0.0818200228522711 -0.98561062919957
7.03668744042612 0.0632739613468748 -0.987355929186936
7.05548931657781 0.0446999854967546 -0.987701729287523
7.07430631345338 0.0261177229379723 -0.986650305110585
7.09314517568339 0.00754683175713768 -0.98420390983726
7.11201267832263 -0.010992975239518 -0.980364788866885
7.13091565970069 -0.0294819058480525 -0.975135189523761
7.14986105447796 -0.0479000628820785 -0.968517366122668
7.16885592718146 -0.0662274171710903 -0.960513580694416
7.18790750648338 -0.0844437786056603 -0.951126099691589
7.20702322047001 -0.102528764653885 -0.940357187035177
7.22621073312681 -0.120461765719843 -0.928209093932764
7.24547798223404 -0.138221906646039 -0.914684046008431
7.26483321882088 -0.155788003576654 -0.899784228446986
7.28428504825771 -0.173138515295598 -0.883511770089045
7.30384247296651 -0.190251488031753 -0.865868727743704
7.32351493658298 -0.207104492582756 -0.846857072446167
7.34331236919371 -0.223674552448864 -0.82647868002484
7.36324523296869 -0.239938061492563 -0.804735329218872
7.38332456707786 -0.255870689454622 -0.781628711787536
7.40356203016849 -0.271447273476561 -0.757160460690819
7.42396993781833 -0.286641693627728 -0.731332204647056
7.44456129117423 -0.301426730354763 -0.70414566038558
7.46534979131292 -0.315773901832756 -0.675602777962026
7.4863498315607 -0.329653279515767 -0.645705959900427
7.50757645688745 -0.343033280941156 -0.614458382025757
7.52904527532564 -0.355880440318934 -0.581864453014409
7.55077230094622 -0.368159160058205 -0.54793046118182
7.57277370112853 -0.379831450765129 -0.512665470793146
7.59506541283272 -0.390856674246091 -0.476082545437785
7.617662584035 -0.401191314761595 -0.438200390496693
7.64057878923959 -0.410788819417063 -0.399045515557145
7.66382496573594 -0.419599570088078 -0.358655011627617
7.68740802652069 -0.427571076415591 -0.317080002010745
7.71132913639455 -0.43464850903348 -0.27438973797699
7.73558170180405 -0.440775715712337 -0.230676146144683
7.76014923211679 -0.445896863846267 -0.186058378065024
7.78500337644717 -0.449958805879319 -0.140686582494414
7.81010259316453 -0.452914144350703 -0.0947438036254979
7.83539199667373 -0.454724773211582 -0.048444776103409
7.86080485172819 -0.455365430133596 -0.00203065316187342
7.88626588612996 -0.454826606744763 0.0442405144881922
7.91169611468613 -0.453116151796992 0.0901065813765019
7.93701839205016 -0.450259133523436 0.135315353342203
7.96216266887844 -0.446295943067603 0.179637374330064
7.98707003771552 -0.441279049521654 0.222875340479978
8.01169505254824 -0.435269080322471 0.264869059839857
8.03600628672881 -0.428330921813531 0.305496047955006
8.05998546393932 -0.420530362628887 0.344668707404414
8.08362566802377 -0.411931551608414 0.38232939699529
8.10692913038392 -0.402595315369196 0.418444626382439
8.12990498242116 -0.392578230909326 0.452999305796825
8.15256721881381 -0.381932280288751 0.485991618347418
8.17493299217721 -0.370704906246472 0.517428773769626
8.19702126977436 -0.358939312869419 0.547323687871355
8.21885182887475 -0.34667489294719 0.575692507695266
8.24044454122768 -0.333947700585018 0.602552846428823
8.26181888941691 -0.320790918102002 0.627922579735855
8.28299366061871 -0.307235288719033 0.651819066568029
8.30398677090931 -0.293309501781619 0.674258679137813
8.32481518233658 -0.279040526824476 0.695256550589105
8.34549488364752 -0.264453898284988 0.714826470882603
8.36604091302821 -0.249573955469065 0.732980879850024
8.38646740723589 -0.234424043483042 0.749730920949573
8.40678766615336 -0.219026680975691 0.765086530317052
8.42701422527276 -0.203403700147432 0.779056543844318
8.44715893114779 -0.187576363865573 0.791648810855053
8.46723301665912 -0.171565464041852 0.802870307047449
8.48724717419914 -0.155391404771845 0.812727242195523
8.50721162574751 -0.139074273147962 0.82122516000492
8.52713618939014 -0.122633900154469 0.828369028775946
8.54703034221647 -0.106089913634669 0.83416332233458
8.56690327977389 -0.089461784980508 0.838612091193848
8.58676397240892 -0.0727688709236036 0.841719024203957
8.60662121891302 -0.0560304515940005 0.843487501110311
8.62648369793876 -0.0392657658494919 0.843920636512607
8.64636001767407 -0.0224940447560821 0.843021315739053
8.66625876426911 -0.00573454401262964 0.840792223140326
8.68618854950757 0.0109934239451653 0.837235863284339
8.70615805820665 0.0276704574581818 0.832354575506749
8.726176095819 0.0442770320799363 0.826150542252642
8.74625163669631 0.060793465227004 0.818625791639969
8.76639387345679 0.0771998783005921 0.809782194693397
8.78661226787514 0.0934761554793701 0.799621457747913
8.80691660367926 0.109601898304245 0.788145110617139
8.82731704158681 0.125556375071969 0.77535449127821
8.84782417683666 0.14131846392425 0.761250728066019
8.86844909935164 0.156866588360092 0.745834720725665
8.88920345648962 0.172178643709579 0.729107122186698
8.91009951807134 0.187231912886178 0.711068323656439
8.93115024297403 0.202002969483603 0.691718446666411
8.95236934599242 0.216467566008534 0.671057347161676
8.97377136280957 0.230600504756979 0.649084638757755
8.99537170967498 0.244375488579654 0.625799745122061
9.01718673259474 0.257764948595384 0.601201995360334
9.03923373827996 0.270739845897924 0.575290781690803
9.06153099548406 0.283269444624675 0.548065806062743
9.08409769031625 0.295321054686134 0.519527452313358
9.10695381220846 0.306859744427436 0.489677333591859
9.13011993799021 0.31784802718674 0.458519081627259
9.15361686969269 0.328245532149311 0.426059465000221
9.17746506747065 0.338008680522681 0.39230994667425
9.20168380380586 0.347090404769904 0.357288812781026
9.22628995275474 0.355439973520541 0.321024016234082
9.25129632645624 0.363003019262164 0.283556863203024
9.2767094947209 0.369721908769483 0.244946599505631
9.30252709358077 0.37553663983942 0.205275788037075
9.32873476919778 0.380386473025902 0.164656067470057
9.3553031259593 0.38421247889988 0.123233438151622
9.38218532110088 0.386961054586079 0.0811917137963844
9.40931616667962 0.388588207314077 0.038752433137832
9.43661358500593 0.38906404879381 -0.00383030724227595
9.46398285580979 0.388376625148367 -0.0462806813691137
9.491323315732 0.386534125882422 -0.0883165740463454
9.51853632659953 0.38356481214184 -0.129666935453904
9.54553286205867 0.37951461042815 -0.170087573441142
9.57223923363374 0.374442957026562 -0.209372452361706
9.59860016333633 0.368417854006604 -0.247359104374688
9.62457922289544 0.361511092733699 -0.283928458581676
9.65015724481654 0.353794313427398 -0.319000545352241
9.67532953420133 0.345336193272873 -0.352527907021836
9.70010264084404 0.336200746366523 -0.384488321458277
9.7244912359273 0.326446539074424 -0.414877945426582
9.7485154022963 0.316126563268848 -0.443705471744001
9.77219845953391 0.305288525370955 -0.470987500693876
9.79556532336908 0.293975359603815 -0.49674508107447
9.81864133477196 0.282225831126953 -0.521001254582004
9.84145146998202 0.270075144398561 -0.543779398438347
9.86401984218661 0.257555509415204 -0.565102169098991
9.88636941653676 0.244696643777923 -0.584990879006557
9.90852187511792 0.231526204237394 -0.603465173352534
9.93049758330254 0.218070150227388 -0.620542906771464
9.95231562175829 0.204353046257078 -0.636240147561351
9.97399385870923 0.190398311653161 -0.650571258703761
9.99554904493621 0.176228426221318 -0.663549021164725
10 0.173269331379476 -0.666068450280031
